-9.708309997818574288e+00 -9.315428844606032044e+00 -8.393403409707435259e+00 -6.446145606763415969e+00 -5.173315414274554769e+00 -4.350720723470061557e+00 -4.243245596837482481e+00 -6.225368615352920187e+00 -9.257584388810101927e+00 -1.296068457401179330e+01 -1.679253287267212613e+01 -2.119043986002611746e+01 -2.198855375039448745e+01 -1.901159452187903298e+01 -6.182916198113673545e+00 1.033099211105206905e+01 5.040244855784385436e+01
-4.620264687380196023e+00 -4.412681435093739779e+00 -3.602279682352083512e+00 -1.673042258830967910e+00 -6.707967893041271168e-01 -2.086203218709812290e-01 -2.807713518239296491e-01 -1.848698625660944117e+00 -4.430653581715660039e+00 -8.038944282917015016e+00 -1.188357482293628209e+01 -1.683578444972189914e+01 -1.893634526416485642e+01 -1.757654209329626838e+01 -8.161159939236199534e+00 5.282867739898904347e+00 4.086626210838852558e+01
-3.573736475822939074e+00 -3.498269408640240385e+00 -2.903686292243740752e+00 -1.384319921936658204e+00 -7.013554428562756016e-01 -5.596970066879407568e-01 -6.608724883108152426e-01 -1.578257859355318260e+00 -3.609267880218112623e+00 -6.979920050110536067e+00 -1.056413808495094031e+01 -1.508717346191411934e+01 -1.723738483467479909e+01 -1.654447366733751323e+01 -9.913172558100313836e+00 6.007918540875039071e-01 3.425729000207149966e+01
-4.007043358692286006e+00 -3.995059639516512107e+00 -3.580391546692535343e+00 -2.678129061303977210e+00 -2.342141469319649616e+00 -2.460184733072892982e+00 -2.768986249210897199e+00 -3.880845503373535621e+00 -5.984427095663761520e+00 -9.683390453608382131e+00 -1.339021470811636050e+01 -1.747843594021253466e+01 -1.926228687016657659e+01 -1.859401602696863165e+01 -1.288907877604162877e+01 -3.207005356297202070e+00 2.994291671598779203e+01
-6.314835343653962596e+00 -6.359437730577266024e+00 -6.208025402492946654e+00 -5.930263326625627940e+00 -6.149983492764548032e+00 -6.849942756421626200e+00 -7.649224175347256960e+00 -8.911687677556841436e+00 -1.075908283272156041e+01 -1.423207585498545313e+01 -1.781027637828498200e+01 -2.163960235287430578e+01 -2.320394496725026556e+01 -2.251005168876253038e+01 -1.648186793471830924e+01 -6.049104016236412917e+00 2.863194105360270214e+01
-8.256530485934380437e+00 -8.319865342342490422e+00 -8.344756675489026776e+00 -8.273527203184151801e+00 -8.445181181936554538e+00 -8.835271661931784593e+00 -9.031511094835110498e+00 -9.785225145744533393e+00 -1.161534981775776032e+01 -1.541324515294556363e+01 -1.934266724249340541e+01 -2.325395665024277037e+01 -2.490390045474293856e+01 -2.419584147135429930e+01 -1.719336399887538391e+01 -5.680425778784183422e+00 3.135558742947046085e+01
-1.210362878389776498e+01 -1.202890236209137420e+01 -1.197589367567891117e+01 -1.156472192629419027e+01 -1.157547848634044385e+01 -1.171333921798552069e+01 -1.201361292058773245e+01 -1.303631191061001005e+01 -1.474261782867731085e+01 -1.812732596349243863e+01 -2.149226980498337980e+01 -2.441863227613052345e+01 -2.518309868706575116e+01 -2.340571856257884065e+01 -1.511122023457232899e+01 -2.953425243647359366e+00 3.457664597636528470e+01
-1.537119260980927393e+01 -1.495306441759822036e+01 -1.458763080173069682e+01 -1.366696290295532634e+01 -1.342129824859924270e+01 -1.315290740042020445e+01 -1.306868674538348785e+01 -1.367980432992041528e+01 -1.528625318739162253e+01 -1.800107335562660182e+01 -2.092703894412886712e+01 -2.352308516068910649e+01 -2.330629845821459867e+01 -2.022457639135541285e+01 -1.056287761649696222e+01 1.680082378965380485e+00 3.700792378126936910e+01
-1.397368756870649520e+01 -1.325401746383821688e+01 -1.263917886367951482e+01 -1.167571551390367546e+01 -1.157999362367569063e+01 -1.158962581133597780e+01 -1.194794024843160685e+01 -1.291845348627884960e+01 -1.447173147490528322e+01 -1.683313928469260645e+01 -1.948285929361969693e+01 -2.181656207460360974e+01 -2.095110344164305616e+01 -1.720361112344170351e+01 -7.069129712653932529e+00 4.913850726502971611e+00 3.754654393051606576e+01
-1.162067785031500833e+01 -1.109289166421601180e+01 -1.080837153425120434e+01 -1.078299690015388279e+01 -1.157969353415747094e+01 -1.269324131204625417e+01 -1.433658414898499700e+01 -1.642845277111942437e+01 -1.779902910945398276e+01 -1.929336147115697031e+01 -2.128019298206683629e+01 -2.315412270902382375e+01 -2.200271082406084133e+01 -1.836403247563515606e+01 -8.313991662227635970e+00 3.481263131806429101e+00 3.276991533992242012e+01
-7.585280389299221326e+00 -7.478827428336106919e+00 -7.847591303815747210e+00 -9.291593262643495166e+00 -1.090760132760712509e+01 -1.279547527582948874e+01 -1.500296922163536806e+01 -1.790670082785857176e+01 -2.005032071200292876e+01 -2.219324007901272466e+01 -2.468977340544125809e+01 -2.701308387216883489e+01 -2.628812786063770091e+01 -2.300179098110038467e+01 -1.300305638168771338e+01 -1.264237529099489166e+00 2.860117532749370639e+01
-2.342423277909425838e+00 -2.485005195694743207e+00 -3.104106883810018758e+00 -5.686125360354026270e+00 -8.027131706777268505e+00 -1.058341848970661658e+01 -1.334972373885332786e+01 -1.707567712032431473e+01 -1.976632921623448169e+01 -2.252856799809623567e+01 -2.574890784061324212e+01 -2.881219513247708619e+01 -2.875924158577947765e+01 -2.575551689995666038e+01 -1.557371320628129752e+01 -3.075858067984484023e+00 2.903220066879771366e+01
1.626517446059032590e+00 1.317390750152899415e+00 6.290342350198727672e-01 -2.295113919961359272e+00 -5.060859988434103229e+00 -8.322320726182738326e+00 -1.181042241568522400e+01 -1.613904086026263940e+01 -1.891997782389319127e+01 -2.207923149340106761e+01 -2.569229079737814914e+01 -2.895042465672347021e+01 -2.901287687667723958e+01 -2.581197226167921599e+01 -1.519849095200066813e+01 -2.171768034347280718e+00 2.945726860894131960e+01
2.636503511005150457e-02 -2.873472348608139271e-01 -9.187560033316586328e-01 -3.862674982860802686e+00 -6.977729758830989226e+00 -1.079461931941486341e+01 -1.485597121113475794e+01 -1.942192216352981404e+01 -2.236510567713253295e+01 -2.582613257205846935e+01 -2.941969592161848368e+01 -3.189318030771596568e+01 -3.097640282216713103e+01 -2.675161712338223197e+01 -1.470505500562268253e+01 -5.731746789182352586e-01 3.204988236860822326e+01
-6.477602298249196977e+00 -6.869685086337003810e+00 -7.657154776833284160e+00 -1.045399744823725285e+01 -1.339184994167751341e+01 -1.680788945670074952e+01 -2.052261884284743587e+01 -2.517549796056269429e+01 -2.833627103555082272e+01 -3.240599460794464903e+01 -3.624822335291372610e+01 -3.774574541804773276e+01 -3.510405446062168267e+01 -2.892142155194551378e+01 -1.336977502071476920e+01 3.435361919981062329e+00 3.964485307173299589e+01
-1.513343909823081290e+01 -1.558298567087963704e+01 -1.643437293081572648e+01 -1.868830671214094252e+01 -2.092999279137809054e+01 -2.331606901534873089e+01 -2.614634596699421820e+01 -3.041513739691848173e+01 -3.345739114164086914e+01 -3.749051211578699849e+01 -4.083062112210973282e+01 -4.082888763119481723e+01 -3.625302093197598197e+01 -2.749676513671886369e+01 -7.221553301570281747e+00 1.353907914595185957e+01 5.791134890161396243e+01
-2.341469934650442397e+01 -2.363578077759406071e+01 -2.405846160349219787e+01 -2.505366458314838241e+01 -2.616646067301429213e+01 -2.728458535550817032e+01 -2.883802895594122617e+01 -3.156420775134154155e+01 -3.353982836790754618e+01 -3.616031669847899366e+01 -3.790354349155623481e+01 -3.558839401090989440e+01 -2.867957806828047751e+01 -1.737392017094816765e+01 7.910663335010497121e+00 3.376811788539725967e+01 8.955226335621836142e+01
-2.637846675946499531e+01 -2.635047988217286274e+01 -2.661052177891586723e+01 -2.734891864506882087e+01 -2.824614172270803181e+01 -2.900510468145809284e+01 -3.014387281013263475e+01 -3.171964209970818160e+01 -3.213207206340749167e+01 -3.228085465864711523e+01 -3.127293812144873186e+01 -2.551279457169331977e+01 -1.514993255306961828e+01 7.316604768368506484e-02 3.232171322601010388e+01 6.456608350349193870e+01 1.341846069952453604e+02
-2.529660517155108224e+01 -2.529361463797212295e+01 -2.564116445213857531e+01 -2.618881171640722982e+01 -2.682112884521483664e+01 -2.720477726483586878e+01 -2.783791012234159723e+01 -2.843188969775903274e+01 -2.756801474214805125e+01 -2.579466709946154879e+01 -2.245094653813526975e+01 -1.306252342763565366e+01 1.602375377308135285e+00 2.173623009883965551e+01 6.263309918027943013e+01 1.028128723761047354e+02 1.890083226675940296e+02
-2.349796540085038288e+01 -2.361546764951764033e+01 -2.387223338117503246e+01 -2.399325449779779262e+01 -2.411672445740360615e+01 -2.396228497437752480e+01 -2.397532422614820291e+01 -2.352622199781006884e+01 -2.131101558184371925e+01 -1.776707181063565599e+01 -1.213903484922471421e+01 5.810147680419106564e-01 1.883939153497863117e+01 4.356839729077904622e+01 9.343544453322272147e+01 1.415990868770716133e+02 2.401563970392406304e+02
-2.245593889965439871e+01 -2.254680844509240600e+01 -2.286988930750376525e+01 -2.322546818280460457e+01 -2.340788411612462028e+01 -2.345134835291393927e+01 -2.366202737827489955e+01 -2.241963072497435405e+01 -1.841936516039294247e+01 -1.271728962599630108e+01 -4.853793365786799541e+00 1.131517491196132141e+01 3.323570205226093321e+01 6.248540828203886122e+01 1.202891577518349209e+02 1.746991136338976389e+02 2.818579425233787674e+02
-2.387187362587280859e+01 -2.386678212098400920e+01 -2.415442894444322519e+01 -2.458742068512271572e+01 -2.494827043167266822e+01 -2.520285542805986267e+01 -2.547985993972930885e+01 -2.332412981746179526e+01 -1.796095491659744425e+01 -1.040901723534176426e+01 -1.707970204979574191e-01 1.965387795188195241e+01 4.551007665769003552e+01 7.893443313752777613e+01 1.429621107313369066e+02 2.020320147890035400e+02 3.178232104368885302e+02
-2.649233438183007650e+01 -2.664764221268471545e+01 -2.705359499382249666e+01 -2.767857565061011371e+01 -2.834325524532431473e+01 -2.899098182447021088e+01 -2.958652026243881039e+01 -2.673631656531151179e+01 -2.005843977494672004e+01 -1.076336762399384384e+01 1.768210979423116669e+00 2.547302446461702630e+01 5.562158480557559415e+01 9.334009991270102091e+01 1.636675328726725525e+02 2.278451060285475478e+02 3.552609798546994284e+02
-2.952746848190424345e+01 -2.992299612604007564e+01 -3.042770736386077957e+01 -3.120183486167828590e+01 -3.199659374506781262e+01 -3.269846012616393693e+01 -3.300227171002012483e+01 -2.878999436503704601e+01 -2.011397375241688223e+01 -8.212424846610844043e+00 7.079648412839418370e+00 3.504413273358585457e+01 6.990161009509188261e+01 1.126986419985989301e+02 1.920753546820749307e+02 2.646931035205569742e+02 4.084617214010218049e+02
-3.139052247399384044e+01 -3.187029739341351231e+01 -3.239821210533682461e+01 -3.311538268580580535e+01 -3.395072228017481564e+01 -3.457091653226602546e+01 -3.462208395293274066e+01 -2.923790918215357237e+01 -1.859442446930236770e+01 -3.609665995896534696e+00 1.548657380691696517e+01 4.899020123722579001e+01 8.968852372602987089e+01 1.392216556433477308e+02 2.314783790665445622e+02 3.166404166173454087e+02 4.866552592576151142e+02
-2.902434540303034183e+01 -2.980288835005326575e+01 -3.075385026257449184e+01 -3.224647683808295540e+01 -3.324487940470376657e+01 -3.401750298702346242e+01 -3.421867293540881860e+01 -2.865493897717425398e+01 -1.709986815789733328e+01 3.765174018011236967e-01 2.308752025257456353e+01 6.247430127076427198e+01 1.098115752249053685e+02 1.671556297841697756e+02 2.754442564068418164e+02 3.770961806172071533e+02 5.827319372928503753e+02
-2.400169393968899811e+01 -2.515142967725042311e+01 -2.643899262553516039e+01 -2.846874275592839609e+01 -2.966174027414032111e+01 -3.060994419907073905e+01 -3.101413048638241321e+01 -2.528396760574494806e+01 -1.304800353387375367e+01 5.716679274433886349e+00 3.094596030495389982e+01 7.567999714552743740e+01 1.291879630040642724e+02 1.946589336973245281e+02 3.201818696609653330e+02 4.391275822803224855e+02 6.821828560877328300e+02
-2.017237383476222945e+01 -2.110398833920257644e+01 -2.224233976036610727e+01 -2.388791016858034055e+01 -2.476337005152844739e+01 -2.518457663179647454e+01 -2.466470884072663239e+01 -1.684765054722018363e+01 -2.923292526091017862e+00 1.767176495176389039e+01 4.541233471186461657e+01 9.430674127135617368e+01 1.527519238404553334e+02 2.253782561331085503e+02 3.663091217965792339e+02 5.015055523496685623e+02 7.770730319552950505e+02
-1.625839326149375808e+01 -1.680166672215317192e+01 -1.767154697456745183e+01 -1.901244458285245287e+01 -1.960249602192582330e+01 -1.971274427934120865e+01 -1.858945118297236831e+01 -9.496907552083399651e+00 5.494196573893219693e+00 2.734131645433825497e+01 5.655651685926645200e+01 1.081548045765270274e+02 1.704992595634075769e+02 2.487376200358075948e+02 4.019859838004065864e+02 5.493333996088816775e+02 8.445639549794821050e+02
-1.309221368480116254e+01 -1.358233654137813318e+01 -1.427138735067965314e+01 -1.572357374249082085e+01 -1.641589139687893351e+01 -1.653450952395040474e+01 -1.516786679354578382e+01 -5.268734864514414085e+00 1.001093315355697655e+01 3.182099791247424037e+01 6.128841423265853905e+01 1.141507975260416003e+02 1.785407523723565646e+02 2.598278907236427813e+02 4.195911143909803513e+02 5.730192476523039886e+02 8.774911573005442733e+02
-1.092803429547259952e+01 -1.145576649482804044e+01 -1.199361893624969255e+01 -1.378682223233308690e+01 -1.493249557957503981e+01 -1.544235953899342917e+01 -1.422406136869187776e+01 -3.628195868598055540e+00 1.231146671796079772e+01 3.476610033439862946e+01 6.465798826891966655e+01 1.177748063212692387e+02 1.824540984799162970e+02 2.637199851912681083e+02 4.230667490333016758e+02 5.758229169749249650e+02 8.784621865628944306e+02
-6.231627617788621620e+00 -6.784888248250938503e+00 -7.385538313123927168e+00 -9.031583997938341213e+00 -9.989445310650424403e+00 -1.024254384666977558e+01 -8.699403550889755365e+00 2.130485303474245029e+00 1.795872497558593750e+01 4.033595491659764321e+01 7.007046894112025370e+01 1.221122515129319765e+02 1.849909100773360819e+02 2.636706996108545695e+02 4.179841382575758644e+02 5.654307500665833004e+02 8.560782775878906250e+02
-3.086290922293419392e+00 -3.506657513705169649e+00 -3.895269008597942673e+00 -4.679919040564293198e+00 -5.011860741509323702e+00 -4.764567365549979172e+00 -2.916327120077809809e+00 6.931532272184739440e+00 2.180246942693545975e+01 4.350657515092348149e+01 7.238681708441848173e+01 1.223292580036200548e+02 1.821201930190580924e+02 2.570307913115529459e+02 4.026917764682963252e+02 5.400374762024539450e+02 8.067937936493844973e+02
-2.581501725614256948e+00 -2.573672805169616495e+00 -2.556128896848122167e+00 -2.487379632814999297e+00 -2.072090534248715699e+00 -1.009312408139038553e+00 1.643720607564915781e+00 1.150009818028925679e+01 2.618375496912494782e+01 4.800339608240614098e+01 7.606335772890045632e+01 1.233237819478970039e+02 1.796128139303191347e+02 2.493684985228259166e+02 3.817282218547783827e+02 5.034401584201390278e+02 7.351821640477035089e+02
3.817030482295185934e+00 4.110684943921642187e+00 4.490451504485776013e+00 5.312686380713898870e+00 6.153485770177347547e+00 7.474224745625235755e+00 1.008122053050031752e+01 1.926155506480816371e+01 3.319274116284915976e+01 5.409132647273526118e+01 8.070894075644130794e+01 1.250282708370324372e+02 1.772096887453637351e+02 2.404676072862415594e+02 3.564791346077966523e+02 4.606572376598010692e+02 6.550858200535627702e+02
9.598105973041985095e+00 1.027057577383637721e+01 1.121158401412194294e+01 1.330545298258463305e+01 1.493968285454645439e+01 1.700823527634744892e+01 2.036426790796146236e+01 2.958835285841820451e+01 4.239996399542306449e+01 6.137540720930002180e+01 8.589143972685843664e+01 1.267097963275331551e+02 1.738695364287405027e+02 2.295690014771743677e+02 3.294336779045335106e+02 4.182571001149186145e+02 5.805979894772925718e+02
1.067334578717315452e+01 1.172591994507144264e+01 1.315975749853886612e+01 1.635509109497070312e+01 1.892387987387304094e+01 2.213754966042264982e+01 2.679814818411155386e+01 3.723274770409170742e+01 4.984618894018299784e+01 6.765539643258750857e+01 9.085817279237679145e+01 1.289528572776101214e+02 1.714799934156014274e+02 2.205794178355824329e+02 3.070016824741556434e+02 3.826580644087358678e+02 5.167718323986937321e+02
8.799166431079616046e+00 9.940240811819975875e+00 1.151606615625245666e+01 1.547011084508414314e+01 1.852118852403431504e+01 2.263992902967667931e+01 2.841434070317431804e+01 3.999762456104008379e+01 5.259245623964264382e+01 6.974782616201056840e+01 9.213922119140650580e+01 1.282303170868844404e+02 1.672440019087358110e+02 2.113105456419665984e+02 2.870115439675070093e+02 3.514838845609414761e+02 4.597835644038037231e+02
5.855724262358206644e+00 6.931416058781170619e+00 8.476380897290770378e+00 1.285672921845410599e+01 1.628967905526209137e+01 2.073738629890216600e+01 2.653599255494395948e+01 3.774548956360476382e+01 5.016112664733279303e+01 6.735361534658102300e+01 8.984673363271375024e+01 1.251674527254970712e+02 1.623277646459716834e+02 2.029843050253513184e+02 2.703399541064945879e+02 3.252765478269017194e+02 4.115271572536894951e+02
4.835332763973960724e+00 5.904658857018054263e+00 7.498967103283810332e+00 1.190519402243876357e+01 1.539250622373643296e+01 1.966362030337562317e+01 2.499024932553069789e+01 3.523736186942664972e+01 4.757956102159295142e+01 6.523742460000394772e+01 8.773704497982771500e+01 1.223674563012942258e+02 1.580609846018783173e+02 1.960683032719776975e+02 2.569060749092489573e+02 3.043758945657747859e+02 3.733656190814396041e+02
8.605616603504088857e+00 9.621754164647569496e+00 1.112588381526445858e+01 1.506381321916677507e+01 1.808845153962725760e+01 2.160660606923725879e+01 2.599257867986513304e+01 3.470120809535794137e+01 4.620373226897891072e+01 6.319673542061241278e+01 8.506546359592024942e+01 1.190604315863717773e+02 1.533060746626422315e+02 1.887825930816959499e+02 2.439262232924951377e+02 2.852770216200086679e+02 3.393371736160434580e+02
9.506231396593687322e+00 1.044254415685480097e+01 1.181558562770035081e+01 1.511373203932635789e+01 1.745227112432925765e+01 2.009726414535985839e+01 2.345267463452876200e+01 3.120679512409250833e+01 4.224997225674729862e+01 5.870514347577335457e+01 8.020328282828288025e+01 1.135356388284702405e+02 1.462915637083726779e+02 1.795233635179924931e+02 2.298349686439591437e+02 2.661022733437895340e+02 3.076018303765193878e+02
7.365509326061740580e+00 8.078234479884917718e+00 9.122944147899911371e+00 1.159879873256490868e+01 1.316864318077012541e+01 1.496104546749238295e+01 1.741517515856803300e+01 2.468812992596858180e+01 3.601515490599371105e+01 5.266457744559866683e+01 7.406168203642877756e+01 1.069662501787898634e+02 1.386854892306857323e+02 1.699913641419078658e+02 2.160139610213461197e+02 2.480448574490018245e+02 2.797123246626422315e+02
5.479595197353813063e+00 5.686520210420242805e+00 6.178348117404514284e+00 7.434936061049945977e+00 8.122379688301506917e+00 8.984213472616829677e+00 1.060301262441311110e+01 1.751016312416152232e+01 2.938297603106278189e+01 4.686348346748729909e+01 6.880171989672106747e+01 1.015647119078974470e+02 1.325240808352074282e+02 1.622751816258286226e+02 2.047392833979442912e+02 2.332645744554923226e+02 2.572385072033819142e+02
5.669078278664564152e+00 5.440740373399515661e+00 5.398407309946378518e+00 5.465297506313127940e+00 5.479126053627098258e+00 5.851804328687308043e+00 6.979728775794981743e+00 1.318955038051404927e+01 2.502172990278771181e+01 4.297920334941198917e+01 6.508679137567082762e+01 9.720772529370850634e+01 1.270996472907789894e+02 1.554199298897175368e+02 1.952422137019610773e+02 2.211623242310802766e+02 2.393429377392087645e+02
7.197498496298468496e+00 6.504242376847701124e+00 5.968495282259851820e+00 4.856805473867069622e+00 4.022891728564971459e+00 3.534707348756242595e+00 3.626206985627746349e+00 8.599576699613180608e+00 1.984699596058231919e+01 3.741503120191157450e+01 5.921083176738093812e+01 9.083073918506343603e+01 1.199124311967329959e+02 1.473064245358862649e+02 1.853522634795214685e+02 2.094725039703679386e+02 2.236453450520834849e+02
7.030026808893781620e+00 6.082563005312517035e+00 5.256304731272681607e+00 3.309457489938480990e+00 1.728498246934734084e+00 1.896952619456584443e-01 -7.304622765743573609e-01 3.368584989297261245e+00 1.420788343024977962e+01 3.150835349343026337e+01 5.286379511669443332e+01 8.376109391029444851e+01 1.120719968237058879e+02 1.386302900217999081e+02 1.750950767440024265e+02 1.976974089651394593e+02 2.078519441238558443e+02
1.015616784315095167e+01 9.093723046659208720e+00 8.065012324940077804e+00 5.878129400388161230e+00 4.149555360428024642e+00 2.514421251085195763e+00 1.547248686202763679e+00 5.189445880928332144e+00 1.504135023945505623e+01 3.068899782739504190e+01 5.018806087609499400e+01 7.908117136329113350e+01 1.055563502456204787e+02 1.303237699258204998e+02 1.640500889017127406e+02 1.843748088798137701e+02 1.898397232209793515e+02
1.167565234076476699e+01 1.081008158308086031e+01 9.940492841932520918e+00 7.877139043326316425e+00 6.219608037158749880e+00 4.537490074080650970e+00 3.466356527925682940e+00 6.437657057636840818e+00 1.492075540561896219e+01 2.835396953544230314e+01 4.560715307370585947e+01 7.231479960740233537e+01 9.679435344657520091e+01 1.194136300135141937e+02 1.495365193684897349e+02 1.666741616605508511e+02 1.660388467191447148e+02
8.857070706135623084e+00 8.343272661921952604e+00 7.837896115852124979e+00 6.786124951911702397e+00 5.838806576199012000e+00 4.685012740318256874e+00 4.143639689744148313e+00 7.202437737975344589e+00 1.499486626519117749e+01 2.718564073967201011e+01 4.304107481060609075e+01 6.758243738039584514e+01 8.984344389944385512e+01 1.099066306990804378e+02 1.354429293545809401e+02 1.484662302961251612e+02 1.404580309318777154e+02
6.004882569120246316e+00 5.753009381920398013e+00 5.587477944113999229e+00 5.423531696049877837e+00 5.116329154582906824e+00 4.514790005154083019e+00 4.508384396331422295e+00 7.704383156516371400e+00 1.537151853002680468e+01 2.762551432908196603e+01 4.306451523906054035e+01 6.589474456478828301e+01 8.613658558238626028e+01 1.037938593084164722e+02 1.249335829609569828e+02 1.340976938575205963e+02 1.197340991087634166e+02
7.265254679526382375e+00 7.125474207329023812e+00 7.051811449455485103e+00 6.739633656511401227e+00 6.438811832004127211e+00 5.970466074317471339e+00 6.164546234439114869e+00 9.229878897618590372e+00 1.666442732377493030e+01 2.845434323705811153e+01 4.299518793279477791e+01 6.435162014431435296e+01 8.312326851276435491e+01 9.905254263829658612e+01 1.167217592181578425e+02 1.226649724786930733e+02 1.025483102509471109e+02
1.074603328679810588e+01 1.060070283966835447e+01 1.036758640559032685e+01 9.686373932193028224e+00 9.231993704131177481e+00 8.859964081735355990e+00 9.153624178183235927e+00 1.192584752554847682e+01 1.871488829333372905e+01 2.951107479827567204e+01 4.287603251139333338e+01 6.274295121009890863e+01 8.018029970111291505e+01 9.467752106021129066e+01 1.095356895369712902e+02 1.128771957243329780e+02 8.769968329535612384e+01
1.416040337968598628e+01 1.408397225659302521e+01 1.381513054202300950e+01 1.331682467219804522e+01 1.316301018300685399e+01 1.307596634373528843e+01 1.351488317624477986e+01 1.620723947852550850e+01 2.244389204545453254e+01 3.226065356322001776e+01 4.467015121922349863e+01 6.292847758591773299e+01 7.861974388662031288e+01 9.127604536576706096e+01 1.029662225896663585e+02 1.034093048403959187e+02 7.193537363379886074e+01
1.582257519886744213e+01 1.563131894005669409e+01 1.537776170595729042e+01 1.502725886335277039e+01 1.520049451577549604e+01 1.559565657798704308e+01 1.659514325074466967e+01 1.995839328958530245e+01 2.609022059585103648e+01 3.502811485829982985e+01 4.675457177980993606e+01 6.387466091579864269e+01 7.796357218424520852e+01 8.874138047960053655e+01 9.693790566800811348e+01 9.394658560704692718e+01 5.490297506313112308e+01
1.161178860649222067e+01 1.149744206245498823e+01 1.158812204996746686e+01 1.215802853516858306e+01 1.299899846857247354e+01 1.412546654903525223e+01 1.578448840825238619e+01 1.992462235267720416e+01 2.658235939102954148e+01 3.561529864686912106e+01 4.754976153132906802e+01 6.438502918590202739e+01 7.750930200441956686e+01 8.696369795365757227e+01 9.238010845762318013e+01 8.632156063811947888e+01 4.087219854797996277e+01
4.192028132888179215e+00 4.284236580434466646e+00 4.725777096218525486e+00 6.194205775405450254e+00 7.554592325229840810e+00 9.423631918550668729e+00 1.179359859890404039e+01 1.703291197497438247e+01 2.469991911300516563e+01 3.507474294334949150e+01 4.796099606908941837e+01 6.470018837668695255e+01 7.718003675672741792e+01 8.567572083136070660e+01 8.872003913648188700e+01 8.005096651327727386e+01 3.040503916114266758e+01
-1.599994449161314947e-01 6.744715180059124293e-02 5.354548945571337981e-01 1.894583461260573642e+00 3.118289061266963813e+00 4.956142772327723378e+00 7.117799238725183386e+00 1.225374102351645433e+01 2.047187959304974925e+01 3.164608672170916748e+01 4.512589903552122905e+01 6.183271774137870125e+01 7.392299890999856871e+01 8.173097645152688528e+01 8.311232688210202468e+01 7.286363543886130856e+01 2.113662041558143301e+01
-2.517469251528382745e+00 -2.301984690656569299e+00 -2.019390106201157664e+00 -1.154994116889092481e+00 -3.166807540739426940e-01 9.928515655825833619e-01 2.684362931684987075e+00 7.222285106928751475e+00 1.522122238621565771e+01 2.610329013400615850e+01 3.923331875271270519e+01 5.548042543969967255e+01 6.704041791203076173e+01 7.402910174745488803e+01 7.400095251834756027e+01 6.267422146267381322e+01 1.013062663993451906e+01
-4.031929716345560522e+00 -3.979122007736057398e+00 -3.956136742023502961e+00 -3.687311692671350727e+00 -3.130437831685995320e+00 -2.168018456661329196e+00 -7.484862972991663810e-01 3.357370395853024547e+00 1.093739087653875686e+01 2.144518796362058310e+01 3.396159362792963066e+01 4.935764489992698145e+01 5.991709853663587637e+01 6.581149939334784449e+01 6.437027809836661163e+01 5.221708016443756151e+01 -3.710521351205784413e-01
-4.433290830813347405e+00 -4.724467142663829833e+00 -4.997479120890304216e+00 -5.632538882168859118e+00 -5.651874503703979258e+00 -5.223753264456064471e+00 -4.175403325244616326e+00 -1.911503955571163260e-01 7.611432932844110155e+00 1.861322961672385645e+01 3.097603229561246962e+01 4.525460491758408921e+01 5.444045003255246229e+01 5.898756023368468959e+01 5.596705180466790353e+01 4.308146158854151508e+01 -9.568696609650999108e+00
-3.854202960263890532e+00 -4.559941600067444867e+00 -5.373519704799431196e+00 -7.185589645848082796e+00 -8.049608558115345147e+00 -8.414542535338725315e+00 -7.923021489923669947e+00 -3.600560968572239062e+00 4.694413002091152975e+00 1.599415141404264773e+01 2.815063522801264639e+01 4.124069198454267848e+01 4.906453265565846777e+01 5.234761555989587123e+01 4.746757738518033420e+01 3.352763690370494487e+01 -1.975293646918402146e+01
-6.036190296702011793e+00 -6.971831678140045341e+00 -8.148342729818935481e+00 -1.078135646473278086e+01 -1.212716890585544860e+01 -1.273306590378889780e+01 -1.221583603367668047e+01 -7.309034867720129114e+00 1.538714168047647490e+00 1.331081613868167324e+01 2.553024631076411310e+01 3.773695496838499253e+01 4.439293909554578477e+01 4.646716770981311129e+01 3.939289933021615298e+01 2.384039676550651166e+01 -3.089247824928980890e+01
-8.776069401147200466e+00 -9.851137652541645195e+00 -1.110985380230528463e+01 -1.401125185417409114e+01 -1.558868165449662513e+01 -1.645580584593497520e+01 -1.634477626916134341e+01 -1.191491421786213323e+01 -3.152396462180263370e+00 9.204812868677095139e+00 2.151622826162008550e+01 3.284543540261017824e+01 3.831052622168994048e+01 3.912020072551700878e+01 2.967964403557022024e+01 1.222189084448012864e+01 -4.391743854561246962e+01
-8.009060524474604037e+00 -9.099195981266525735e+00 -1.034399381310050359e+01 -1.330679737437855437e+01 -1.510668875954366541e+01 -1.662889746463659435e+01 -1.745637766520184186e+01 -1.438730536566822593e+01 -6.521778761738346475e+00 5.019149780273494343e+00 1.613485239972968088e+01 2.605852654967645776e+01 3.033949202720560834e+01 2.996221307311367354e+01 1.863767280963952544e+01 -6.742011176237383552e-02 -5.626784384371040915e+01
-7.109199660209315041e+00 -8.271931734952053361e+00 -9.609843899505314369e+00 -1.313210261951794422e+01 -1.549666406650735695e+01 -1.771045299491491676e+01 -1.950249057345924086e+01 -1.752232545794856833e+01 -1.026703589853613607e+01 1.921812115293164425e-01 9.949631353821246194e+00 1.852101011950557563e+01 2.191970239504405527e+01 2.073353777028120248e+01 8.269124040699978195e+00 -1.111429079614521243e+01 -6.694850975576099472e+01
-5.790774267367934769e+00 -7.037924853238202161e+00 -8.553305250225644585e+00 -1.257297300088287528e+01 -1.554644301443385501e+01 -1.863623987063012066e+01 -2.136594113436609632e+01 -2.031084419019305187e+01 -1.324048591382566542e+01 -3.040373522826030239e+00 6.127506448764876268e+00 1.415170657995960823e+01 1.712965161872591580e+01 1.528944967250680520e+01 1.809960875848219075e+00 -1.809840963344350939e+01 -7.430012404316607899e+01
-2.871693025329007831e+00 -4.234694047407682405e+00 -5.795604455350627404e+00 -9.563392677692441168e+00 -1.257953705450499626e+01 -1.601112003519071436e+01 -1.929854899705057392e+01 -1.897929721408416981e+01 -1.241113389140431877e+01 -2.823618570963617458e+00 5.528014828460499075e+00 1.268995758981427002e+01 1.506628263839581905e+01 1.269081840129820193e+01 -1.540364891591366359e+00 -2.207483064285429464e+01 -7.896656968858496839e+01
-5.480148940902163091e-01 -1.847733160462052382e+00 -3.270476659138985553e+00 -6.874156643645925158e+00 -1.003225268739639375e+01 -1.393728167601304335e+01 -1.800365609833687586e+01 -1.894310429120309891e+01 -1.334687404439912939e+01 -4.961038917002213111e+00 2.701158465761267280e+00 9.660782168609927112e+00 1.176053657917049122e+01 9.165345163056429101e+00 -5.330745504359867937e+00 -2.613320614593209257e+01 -8.229290709832690709e+01
-2.213336354816529905e+00 -3.117966743430709897e+00 -4.181153369672355069e+00 -6.877402394106894690e+00 -9.339529326467811643e+00 -1.239947864262751409e+01 -1.562767051927970385e+01 -1.587024542297982066e+01 -9.867759165137556465e+00 -6.050186927872402975e-01 8.353661585335856898e+00 1.708858004483317927e+01 2.058667207968375124e+01 1.919837258078814557e+01 6.607031619909776055e+00 -1.233401427606145262e+01 -6.309758411754273766e+01
-1.718802780251610596e+00 -2.840550644229168142e+00 -4.211631856783494499e+00 -7.244691539292389848e+00 -9.758372913707383134e+00 -1.264315256446293745e+01 -1.539507486362653310e+01 -1.483294539018103819e+01 -8.210402979995336636e+00 1.628661646987524136e+00 1.061348362161652403e+01 1.886360538367057416e+01 2.189492890329103147e+01 1.993035272155105986e+01 6.750345865885662988e+00 -1.220636140457332885e+01 -6.158704260623818527e+01
2.127999547483268472e+00 8.385772127093655826e-01 -5.897534591983095709e-01 -3.740080443897639384e+00 -6.179218022510262642e+00 -8.862215909090849664e+00 -1.107849460177958179e+01 -9.783359720249393376e+00 -3.153736307163342190e+00 6.237129134361310889e+00 1.477416468148288686e+01 2.243363875572134702e+01 2.490727711687191004e+01 2.234720927537097168e+01 8.316789106889018512e+00 -1.107035688920456096e+01 -6.077308762675590970e+01
3.923865606552084717e+00 2.689343014148748878e+00 1.599868548036837979e+00 -7.602893631867431168e-01 -2.545084288626028979e+00 -4.463651483709128343e+00 -5.836542688234885645e+00 -3.950165411438547380e+00 2.333499176333731384e+00 1.094245617799089132e+01 1.847193230522995577e+01 2.534281458999163306e+01 2.734133664526115126e+01 2.441876004922238508e+01 9.922288374467370886e+00 -9.868388782848114715e+00 -6.071894666883679292e+01
5.121682675273126151e+00 4.234639567558206252e+00 3.459058101731105950e+00 1.803275390104815301e+00 7.546390957302264724e-01 -3.364653153852970036e-01 -8.298415367050040459e-01 1.652244799064789049e+00 7.656114674577992218e+00 1.580530910299270886e+01 2.280585009642322802e+01 2.917964973835026399e+01 3.075739419339896585e+01 2.748844216086638426e+01 1.257736360183855595e+01 -7.448189783577731760e+00 -5.826618603022433263e+01
7.353525021282788288e+00 6.797212752428917426e+00 6.382635191233497096e+00 5.560950247025225224e+00 5.150083021684153550e+00 4.749615370625193123e+00 5.128370882284770005e+00 8.546096955887094282e+00 1.473381104132150199e+01 2.284740810201614636e+01 3.020639854970599458e+01 3.713161645754405527e+01 3.927015608970572202e+01 3.657560714567540572e+01 2.257447892005973245e+01 3.316952792080883228e+00 -4.517078561493860889e+01
8.232876436719013924e+00 8.202632865520424588e+00 8.420695114617398502e+00 9.518512237553636623e+00 1.058376254457416366e+01 1.188260303844114674e+01 1.410021032468236513e+01 1.932723582874649537e+01 2.602348497178823550e+01 3.468001255844566799e+01 4.307695068975900199e+01 5.126204288367071626e+01 5.449784095841215503e+01 5.294546200530675151e+01 4.072743548768943356e+01 2.296551328716856233e+01 -2.161383303247299636e+01
1.043332282743519812e+01 1.098239252302381175e+01 1.192148691716819897e+01 1.471213001644973417e+01 1.725594102493442961e+01 2.020111954814268529e+01 2.426098671344787761e+01 3.135167069868600720e+01 3.855925527245113926e+01 4.761803366921168390e+01 5.685478904030540548e+01 6.616806215228470478e+01 7.031279222893016367e+01 6.981283692639249239e+01 5.979069596107558482e+01 4.415884430239867697e+01 3.660020308061234573e+00
1.325165358029254037e+01 1.373323496664412957e+01 1.466211152558373598e+01 1.730471324077760187e+01 1.983998628096151862e+01 2.296088656030518393e+01 2.737891349407159680e+01 3.468320596097706243e+01 4.162218822132481932e+01 5.041197790280733670e+01 5.937920880558510817e+01 6.816249901357326735e+01 7.181629805131404964e+01 7.099510917278229272e+01 6.100258906200667752e+01 4.582894280944185539e+01 6.880843653823376371e+00
1.554874115644230237e+01 1.616590389097579106e+01 1.720151576128871795e+01 2.020613137429415929e+01 2.305431581747655656e+01 2.656099030465793476e+01 3.141816295276981919e+01 3.903035774616276399e+01 4.602052630800216093e+01 5.518865550648078511e+01 6.469280034845530736e+01 7.394732897209408407e+01 7.790504748411836999e+01 7.758532190804504580e+01 6.875192014135501495e+01 5.484199076951114193e+01 1.894988797891045351e+01
1.733969006989377704e+01 1.810989690910685468e+01 1.926066825004539496e+01 2.251683365410627147e+01 2.543054969864660109e+01 2.895285781706222394e+01 3.373695219405972523e+01 4.124400961519486941e+01 4.809706362329364993e+01 5.704329411670417471e+01 6.638617575289032402e+01 7.560750895798804549e+01 7.975098426895903003e+01 7.990102933633215798e+01 7.213863056837902832e+01 5.930380249023443184e+01 2.575493829900568699e+01
1.637130427325256932e+01 1.739899543078257693e+01 1.886819561924599498e+01 2.238432925879353519e+01 2.509238880812520023e+01 2.814072957665027275e+01 3.208040611190021707e+01 3.846087816026479800e+01 4.447748373012356637e+01 5.235301932903246325e+01 6.091467439285435148e+01 6.972592548408903212e+01 7.401269222991646757e+01 7.453933099303588961e+01 6.738649587920224349e+01 5.509925765220566518e+01 2.374076457938747353e+01
1.423046589687918306e+01 1.562157155407799181e+01 1.752662341161208559e+01 2.168333261919141108e+01 2.474654731365168203e+01 2.821277209965867883e+01 3.254334274446129882e+01 3.905292873189904412e+01 4.476485728254226615e+01 5.240444869224452873e+01 6.082376576433276227e+01 6.951289398501603500e+01 7.403066769994865126e+01 7.487099356603141587e+01 6.830155405372079258e+01 5.670686139964112726e+01 2.768792570480206905e+01
1.485661406690875452e+01 1.662355869587020507e+01 1.893396372506111902e+01 2.397116739701741039e+01 2.788978068033853219e+01 3.236226977724018639e+01 3.774083948617025897e+01 4.509365305274423008e+01 5.077789938570282402e+01 5.811049151179756223e+01 6.651197599160548179e+01 7.556591827700830777e+01 8.041756462328362431e+01 8.154697025183463666e+01 7.609812973484844179e+01 6.613868235578428312e+01 4.078110511856817766e+01
1.380819763805284595e+01 1.585465581609744845e+01 1.854900994324925634e+01 2.478416545809518112e+01 2.964684411251186447e+01 3.508499993218316604e+01 4.149910027089744347e+01 4.981016324746482837e+01 5.555419197467836057e+01 6.247715589735238950e+01 7.055487862018637202e+01 8.008028542875032940e+01 8.538028971354191299e+01 8.692193202779719741e+01 8.258262680516099863e+01 7.400539113054367135e+01 5.271702344489824554e+01
1.178077232255365381e+01 1.379028231567806273e+01 1.642568981888318191e+01 2.298944811282133571e+01 2.828750278973824095e+01 3.411883090240780803e+01 4.092242254392056111e+01 4.958367334230990764e+01 5.553164811567847892e+01 6.240653868395867221e+01 6.980520599056978881e+01 7.881002329816735141e+01 8.378139272362290058e+01 8.501058066011648862e+01 8.045560586332084085e+01 7.209025619969219179e+01 5.288488831182939975e+01
1.371500037791151350e+01 1.568936115322691549e+01 1.829796988193434615e+01 2.489736338275853456e+01 3.041487071490047356e+01 3.660151364104910954e+01 4.379575170651823157e+01 5.218213430077139492e+01 5.718976908982423879e+01 6.253543537794948293e+01 6.871706737171530222e+01 7.668582415339918157e+01 8.083025876440166257e+01 8.140491616605498848e+01 7.595188302704809757e+01 6.694973785708623382e+01 4.718303426106785992e+01
1.053898046872193461e+01 1.244129233047215521e+01 1.502199424637689873e+01 2.180845074769524672e+01 2.759761864247949603e+01 3.422514905833230614e+01 4.187708321002996570e+01 5.058457530628552945e+01 5.526657782660606699e+01 5.966036047116659802e+01 6.511106579713151632e+01 7.225888061523446027e+01 7.558645907315349177e+01 7.538505199702115078e+01 6.851483955768628675e+01 5.798886015920936643e+01 3.513955441869870810e+01
4.380488514542731693e+00 6.665117710527749040e+00 9.613589326540640911e+00 1.740452952878640502e+01 2.386421978112424114e+01 3.150809578943729150e+01 4.042598685832935246e+01 5.074429013030695046e+01 5.635230232007597806e+01 6.149233299794803997e+01 6.765699829718073488e+01 7.520547223331954001e+01 7.870462899256227729e+01 7.855608915078505561e+01 7.140942876025877695e+01 6.035960095338140263e+01 3.628283968838786677e+01
-9.769616535664660262e-03 2.493161003999032843e+00 5.493794384628845506e+00 1.363138360763436907e+01 2.041885187168315952e+01 2.846895291106868342e+01 3.783786203403673198e+01 4.865219239514291871e+01 5.476324879039432858e+01 6.076003427216497244e+01 6.748865408849221126e+01 7.478298919369473197e+01 7.785910650696393986e+01 7.731838835128627352e+01 6.940249726266534935e+01 5.751642523871515778e+01 3.263828870985224739e+01
-4.187929624748049307e+00 -1.656986731471436158e+00 1.448361060836109715e+00 9.938682813912329550e+00 1.696388680043850883e+01 2.536225837168061048e+01 3.498275024722312310e+01 4.631592444217565685e+01 5.295115492079006003e+01 5.980063405663079834e+01 6.716812411221596335e+01 7.446413737595679549e+01 7.741988611702947765e+01 7.678322901870251371e+01 6.871569700915392787e+01 5.672245341599608537e+01 3.247990309590028346e+01
-6.717290686890294182e+00 -3.927147257207620257e+00 -6.191681430797295604e-01 8.470415752493970274e+00 1.594614310216422126e+01 2.479411816837811955e+01 3.483471433080802626e+01 4.627577471492250538e+01 5.280240037706178668e+01 6.002354446565240664e+01 6.769433994485871153e+01 7.475813802083334281e+01 7.742142802537091484e+01 7.657585498540072422e+01 6.846294950234778298e+01 5.671166221541608365e+01 3.363694038776446860e+01
-5.977464259470426811e+00 -2.848853354502205448e+00 6.497708823945842482e-01 9.989960590509120664e+00 1.775557847456500582e+01 2.696926155475658504e+01 3.765310730596979738e+01 4.972963660654380647e+01 5.620036362156736232e+01 6.341412045257254704e+01 7.122659902861627756e+01 7.814075863000110189e+01 8.051789408982415353e+01 7.940039185803317423e+01 7.075218925090786115e+01 5.876506612758453230e+01 3.606490564827993239e+01
-2.574275506707376149e+00 7.435545367423976870e-01 4.448812352286466876e+00 1.387660956427907877e+01 2.162794737382368737e+01 3.074580953578758624e+01 4.142846664274576085e+01 5.365475232673415462e+01 6.019216086647739417e+01 6.747889092955918500e+01 7.540417387991246301e+01 8.263433899542300765e+01 8.514523746991392272e+01 8.386844180328688481e+01 7.457273017035595331e+01 6.225912352282603024e+01 3.979930777501590455e+01
1.096001221356217137e+00 4.592776004714190563e+00 8.526590470111734987e+00 1.819452054170192667e+01 2.596988724217270317e+01 3.489631421638256370e+01 4.532956063626984644e+01 5.745680730029778260e+01 6.420290043378133760e+01 7.183525624901341189e+01 8.013852622292270667e+01 8.771514599732674355e+01 9.042115768278483756e+01 8.926880406851694261e+01 7.996935233684484956e+01 6.761990972962041724e+01 4.584086192737890997e+01
2.201645937207332704e+00 5.138348236228491572e+00 8.303063107259323061e+00 1.612853454260359598e+01 2.265887285483005797e+01 3.011018194333475151e+01 3.875684179440889920e+01 4.887455456666259579e+01 5.461660550820721483e+01 6.113764953613255670e+01 6.815812683105451697e+01 7.426909968828897490e+01 7.571229445332238583e+01 7.359038289388018939e+01 6.347161032936764968e+01 5.110000949435760731e+01 3.044883805091922113e+01
1.669882485755917578e+00 4.215023099774057869e+00 6.977039091514836144e+00 1.398200414036257655e+01 2.000209153300582443e+01 2.678779941134978060e+01 3.467130996241709795e+01 4.428830850003947717e+01 5.027875449440716693e+01 5.735582340124875600e+01 6.502604675292963066e+01 7.208001585681026313e+01 7.445265059037643596e+01 7.345403251262604272e+01 6.547421048867573745e+01 5.503868395872780184e+01 3.775951069533209647e+01
1.174085112495555805e+00 3.669295198989635409e+00 6.353299099989609289e+00 1.326770653925609622e+01 1.888031475953383165e+01 2.522869487723922077e+01 3.258327715324628571e+01 4.176156184649218517e+01 4.820631932730645985e+01 5.644872800268299784e+01 6.516503120191154608e+01 7.359316477149428692e+01 7.746645594124839818e+01 7.828339116260235642e+01 7.385397862906387445e+01 6.668474601976788563e+01 5.496618251607873162e+01
2.472690324449554389e+00 4.938078501007771237e+00 7.647277111958995732e+00 1.428082762771484937e+01 1.942927466498483824e+01 2.518871584805572184e+01 3.186795344497218707e+01 4.003737925519837404e+01 4.589615238074111403e+01 5.354663116763347830e+01 6.178094574899381541e+01 7.002632141113272723e+01 7.422678444602291847e+01 7.588235288677810786e+01 7.363355262833414372e+01 6.884635262537500466e+01 6.112609092635364050e+01
3.409713623914724767e+00 6.214725302927419648e+00 9.331438962859341046e+00 1.679306945001538054e+01 2.244618013170028803e+01 2.880134798300389321e+01 3.611749491065440054e+01 4.444020774147719521e+01 4.965920388578180678e+01 5.616817574549199321e+01 6.367168372568465884e+01 7.215427051890978305e+01 7.718522382023360251e+01 8.007830317333474568e+01 8.054497582021389235e+01 7.839279390585551255e+01 7.536554540769026289e+01
6.253068749501249357e+00 9.335942889704847758e+00 1.285929714549672553e+01 2.087171506670988208e+01 2.664244638308130675e+01 3.317616456927676438e+01 4.076968514798866750e+01 4.909001622055507141e+01 5.346239093819065147e+01 5.852481911399138426e+01 6.453570048014330496e+01 7.144135184239848968e+01 7.547257980192557625e+01 7.761734409524956391e+01 7.738994313249679635e+01 7.489749422940320756e+01 7.134130181206603538e+01
9.405317333724463325e+00 1.219678328615247054e+01 1.538376982765968037e+01 2.240012878228467486e+01 2.739477269336431675e+01 3.297844464851148416e+01 3.954846106635194758e+01 4.654434728140790867e+01 4.991709267972709085e+01 5.402586148965244206e+01 5.884783550223917814e+01 6.400763571382782402e+01 6.667236143169998286e+01 6.796631105981668952e+01 6.717656453450496201e+01 6.436869889076308482e+01 5.935772335168081781e+01
6.647117839528792871e+00 9.038358045346809533e+00 1.172046181409043086e+01 1.751736099882558761e+01 2.161773654668014899e+01 2.620794716266675550e+01 3.136447590529310503e+01 3.682141591081733623e+01 3.955262787173512606e+01 4.236365131416701502e+01 4.510576853125974139e+01 4.790318097971902489e+01 4.881996108546400137e+01 4.857821131234197765e+01 4.571005433978461951e+01 4.130878548670273176e+01 3.364580836440569556e+01
4.983817599798465281e+00 7.361520687739055546e+00 9.999442234183796074e+00 1.570544123645829870e+01 1.980205385612720193e+01 2.444070527047826147e+01 2.954869534270925158e+01 3.513885821718156421e+01 3.815005585641588937e+01 4.134606347902848711e+01 4.421191991940892763e+01 4.675732791785037534e+01 4.741058996951920790e+01 4.684200217507105890e+01 4.359576755099817547e+01 3.915090048433552283e+01 3.193611283735765483e+01
2.594179534833090717e+00 4.771132828009246651e+00 7.057189279132412452e+00 1.195027379051907701e+01 1.549868073126281587e+01 1.948622840341896278e+01 2.373733512801354095e+01 2.833735564260763340e+01 3.144732234453906017e+01 3.540624938348338446e+01 3.881593415231421318e+01 4.128369279341242759e+01 4.143336625532663220e+01 4.030242241753489907e+01 3.646809618400794761e+01 3.210746564768771805e+01 2.566909882516569041e+01
2.056586434838895361e+00 3.986531989742999826e+00 6.007783357543175384e+00 1.033983804819859387e+01 1.343616616605511638e+01 1.691782263553500343e+01 2.060580136077578572e+01 2.466460518885145348e+01 2.765708137281035306e+01 3.165452976419470588e+01 3.495136715667413796e+01 3.701714178528439447e+01 3.654425079653958619e+01 3.461096869574652146e+01 2.953798544527336389e+01 2.443161349826380047e+01 1.718060117779384655e+01
7.366225749555259661e-01 2.690746424174077944e+00 4.798198038881476890e+00 9.516656455066467402e+00 1.296993240202316144e+01 1.700931194575149163e+01 2.159986322576351370e+01 2.698868229413270114e+01 3.061873295331264444e+01 3.489717641502906531e+01 3.863698893845690918e+01 4.115337826507271757e+01 4.102465573705819679e+01 3.939056242355206905e+01 3.484571175623415229e+01 3.014710243302175741e+01 2.375322345772195831e+01
4.411457678623005307e-01 1.967613179274271928e+00 3.744913332390073180e+00 7.919289494403692231e+00 1.101120904479368079e+01 1.472930006547412063e+01 1.911658053927946810e+01 2.454891274192132755e+01 2.836673328129941751e+01 3.254712808011748848e+01 3.601849950925279131e+01 3.791244753442637716e+01 3.711701271750717979e+01 3.482104214754963323e+01 2.913096325806873210e+01 2.322340809215188528e+01 1.479717770971416257e+01
-6.769468280853638831e-01 8.245987025174237317e-01 2.584742141492416323e+00 6.497337614797579874e+00 9.267180664370727072e+00 1.259194715095286199e+01 1.626599067148531219e+01 2.093527545350974606e+01 2.505985575974619906e+01 3.014908946644172261e+01 3.479575062761398385e+01 3.852497755879107899e+01 3.954426990855807844e+01 3.888796935418599787e+01 3.523197798295450411e+01 3.074559252189868630e+01 2.433470015092319727e+01
1.891152170957114187e+00 3.225304825137365938e+00 4.799664283039586365e+00 8.004223400595144255e+00 1.042822261771770087e+01 1.333040171921847161e+01 1.643592541627207027e+01 2.035094012636150751e+01 2.369906770340151070e+01 2.781009681778724030e+01 3.156107769590425960e+01 3.430856523610142972e+01 3.458900775331449040e+01 3.295876828588569651e+01 2.702588969529267615e+01 2.046754039417584181e+01 1.066053170868843836e+01
2.028354723382781444e+00 3.403358339059238347e+00 4.913157687042673416e+00 7.949898320918137529e+00 1.026971963439324043e+01 1.316511312157219038e+01 1.639555112280027060e+01 2.056373349584717403e+01 2.393851601957089770e+01 2.766285890521422175e+01 3.119843700678663367e+01 3.410140544236315918e+01 3.459706254438924589e+01 3.308153680358253723e+01 2.734759459832730499e+01 2.120439810704669981e+01 1.269771105833729052e+01
-2.450468550727809003e-01 1.072706745128447992e+00 2.421897994147403921e+00 5.416160688331025597e+00 7.716485726712981830e+00 1.075181425460660023e+01 1.437551124649819201e+01 1.927440435236152894e+01 2.300485614815167423e+01 2.690456028177280245e+01 3.057125561646736855e+01 3.374385980162946908e+01 3.459156506470935710e+01 3.359120255287251666e+01 2.916625914910832762e+01 2.429563857569814900e+01 1.777905982431741450e+01
-1.864667241395725483e+00 -5.363452458622450791e-01 7.525655500816625931e-01 3.702456107494789705e+00 5.947229674368216479e+00 8.958027926358283821e+00 1.279377900711212135e+01 1.812271071925314914e+01 2.210692804509952225e+01 2.628036298655496239e+01 3.010492220791897466e+01 3.321878067170732152e+01 3.422886765605255732e+01 3.377222296204195118e+01 3.110758802625849739e+01 2.811388019600326516e+01 2.522473576092954772e+01
-2.110652178902216569e+00 -9.061866613349511823e-01 2.649088303248277043e-01 2.849209460570961028e+00 4.827017967147035904e+00 7.278240242389685477e+00 1.038672445277978795e+01 1.466155281452236636e+01 1.755906076142298389e+01 2.037836309876084329e+01 2.313704195889559401e+01 2.497643673058706781e+01 2.499608049489040695e+01 2.389176555594997353e+01 2.094068461716790353e+01 1.834407243824972511e+01 1.745281612511831781e+01
-1.539816209269131431e+00 5.714876483183850553e-02 1.771487388947999619e+00 5.451530272686717637e+00 8.280626277730966933e+00 1.151887304132633005e+01 1.535331471761064392e+01 2.032001302699850953e+01 2.348245038889911029e+01 2.658157687717007889e+01 2.974582140373468064e+01 3.267089242646198954e+01 3.415398923315166257e+01 3.471001334142152928e+01 3.469365838561401461e+01 3.490092422022974006e+01 4.039260216915215551e+01
-4.678150326521550717e-01 1.249600227433017352e+00 3.029279588448847704e+00 6.778082871452113523e+00 9.579141135167581922e+00 1.282824514369774249e+01 1.664272824682369389e+01 2.134254917953958852e+01 2.405744610410764039e+01 2.659166170370696136e+01 2.926725183352073145e+01 3.178340133512870125e+01 3.319543888592966141e+01 3.372805539526075336e+01 3.375190935231222511e+01 3.430479816475286725e+01 4.179545855281327249e+01
4.037015862160857615e-01 2.223842561847021670e+00 4.085392842389104828e+00 8.015198421824457853e+00 1.082165457985620804e+01 1.411997538865213642e+01 1.819512554130167814e+01 2.351704160131595245e+01 2.653988262137997367e+01 2.854958397451076735e+01 3.047153942994393105e+01 3.258764633024577506e+01 3.379741876775557330e+01 3.414186943901910354e+01 3.391590341895562233e+01 3.448018268623718541e+01 4.298559909396709600e+01
-1.164278118847633436e+00 7.675776385297687909e-01 2.800487491819573904e+00 7.083421059028047750e+00 1.000519550207891228e+01 1.347606581870947196e+01 1.779359459154532885e+01 2.380607805348407169e+01 2.744509841456596178e+01 2.981394542347311472e+01 3.210618822502382841e+01 3.491201088645246386e+01 3.678241583313598539e+01 3.779559788559390654e+01 3.855469397342574212e+01 3.985954885771747058e+01 4.934337978170378847e+01
-2.680055273433374907e+00 -9.812704240432790215e-01 8.495989556264191833e-01 4.852441760927725056e+00 7.678117617212222967e+00 1.107370996956873910e+01 1.533080361106173939e+01 2.136464051525999253e+01 2.519856786246276670e+01 2.799212985568573231e+01 3.087440829806854481e+01 3.442808455650251176e+01 3.689994118430382741e+01 3.851288920701165353e+01 4.008865572226164886e+01 4.186460460316044419e+01 5.145732255415481404e+01
-1.965227654373102872e+00 -3.262423806720278208e-01 1.511082068838248915e+00 5.488034996871995475e+00 8.335190821175622489e+00 1.173802485610492852e+01 1.589083423036515796e+01 2.133976452760029474e+01 2.459125988892847658e+01 2.690775368430391268e+01 2.976630316840285673e+01 3.368782690799594093e+01 3.664216228446559853e+01 3.881679157295621962e+01 4.137253855695644233e+01 4.380746305831752352e+01 5.379924242424209524e+01
-2.330398256871659246e+00 -3.882185545834673235e-01 1.746779594758546494e+00 6.313476717908550029e+00 9.577793930516108389e+00 1.347048225788151399e+01 1.821561185278072514e+01 2.460028569385255537e+01 2.854615953233525261e+01 3.173872807049980338e+01 3.550792748037011393e+01 4.034956683534556987e+01 4.414475905293159030e+01 4.721389554726960114e+01 5.150983375009843712e+01 5.537862635140447765e+01 6.684645003501771043e+01
