8.998498949527627744e+00 9.213391880261303513e+00 9.146151840658111709e+00 9.010324962103565483e+00 8.932238928216778007e+00 8.800869526172068191e+00 8.232942833714421482e+00 5.398539999097362596e+00 1.071024116439055485e+00 -7.246047672424098529e+00 -1.940865050064715547e+01 -3.878141761893678563e+01 -5.754351180714377989e+01 -7.697524599783331212e+01 -1.077944159620246580e+02 -1.305531688207147170e+02 -1.660985575838050465e+02
2.283867846308101246e+00 2.695802382798387686e+00 2.872944669764834646e+00 3.349331851641497160e+00 3.757193979071358214e+00 4.052732846917156628e+00 3.784699588310969975e+00 7.295215737093448949e-01 -3.807476133696464871e+00 -1.219613884019928562e+01 -2.413828750338536722e+01 -4.316207317119041420e+01 -6.120187197204505480e+01 -7.925666338167984293e+01 -1.069707148794837366e+02 -1.278465522688973977e+02 -1.632547474008484585e+02
-1.429142579586964334e+00 -1.137834118258566729e+00 -1.056379264056482858e+00 -6.869618209669962061e-01 -5.112819533883046219e-01 -3.877740675402345794e-01 -8.226951338318383433e-01 -4.077644006529872023e+00 -8.474532735766873159e+00 -1.648683474324441889e+01 -2.798690738595327687e+01 -4.653220140790501347e+01 -6.356415362075735942e+01 -7.996615884162865484e+01 -1.060429936695053925e+02 -1.262596320940656653e+02 -1.574634882229477171e+02
-3.330229704016724135e+00 -3.218064111187066700e+00 -3.237490643431010007e+00 -3.046119891971637905e+00 -3.067629480338954551e+00 -3.310319778376182409e+00 -4.215279488708142175e+00 -8.019059660116791832e+00 -1.244355990649085975e+01 -1.998316452327587811e+01 -3.108404925974962296e+01 -4.943097461595750985e+01 -6.576364225370137717e+01 -8.153387830253937807e+01 -1.072660693194813462e+02 -1.265562903413875517e+02 -1.542682326146482694e+02
-6.786888877389038122e+00 -6.596310611407115054e+00 -6.542338327656697317e+00 -6.050695089634979595e+00 -5.803803092651679485e+00 -5.644864136976373459e+00 -5.834236273584264332e+00 -8.717924365069878334e+00 -1.267992164931383137e+01 -1.997025857042929076e+01 -3.132717265173614152e+01 -4.968044096240077323e+01 -6.648463594953635436e+01 -8.272551352988058682e+01 -1.093805170844365620e+02 -1.286495598180971456e+02 -1.546542902924890939e+02
-6.291177335989354802e+00 -5.931621288874427300e+00 -5.626833640673901016e+00 -4.644561987974670458e+00 -3.974221183178124672e+00 -3.325422526668599943e+00 -2.722144577327614279e+00 -4.508865936823044152e+00 -8.037950290758910654e+00 -1.535416400231702738e+01 -2.740242203486090133e+01 -4.654673112512048760e+01 -6.398546158446674070e+01 -8.071873119282604137e+01 -1.075319204757460909e+02 -1.262816609367476559e+02 -1.496976760915684679e+02
-3.716795622284147171e+00 -3.331132884202348432e+00 -2.895834675303567085e+00 -1.790857938602078869e+00 -9.321583512315085862e-01 -4.823076214200140016e-02 6.923598912569486341e-01 -6.761197791286782666e-01 -3.816319737000676948e+00 -1.067536255529314282e+01 -2.241609767129572006e+01 -4.120207791059830527e+01 -5.862344276600872206e+01 -7.567834325725209510e+01 -1.008169267385350878e+02 -1.160312001609893429e+02 -1.285568023666950239e+02
-4.919443319792437208e+00 -4.607752895952125449e+00 -4.179397810750947961e+00 -2.841947391162875647e+00 -1.924322459809086228e+00 -9.963170851890408297e-01 -1.001969816367319771e-01 -1.158054548326999278e+00 -4.268886399028111178e+00 -1.121467260471822058e+01 -2.253245859600695766e+01 -4.022602861135352015e+01 -5.730792891640604125e+01 -7.362598690644594512e+01 -9.617922014173129241e+01 -1.088818942397390259e+02 -1.174843472594187261e+02
-4.385678933971938420e+00 -3.967615751102110178e+00 -3.579285285079142565e+00 -2.525105226137472236e+00 -1.929624848602272014e+00 -1.482766634004908601e+00 -1.424335330968666158e+00 -3.507741738008653076e+00 -7.168441985511068815e+00 -1.467169985819401212e+01 -2.635713906212394164e+01 -4.384788969404510794e+01 -6.095148031265037503e+01 -7.675727038321488749e+01 -9.796995883109657655e+01 -1.100863531385411136e+02 -1.183995414811029576e+02
-3.894471329855242470e+00 -3.441915042823935789e+00 -3.091057018414117508e+00 -2.162422631988808686e+00 -1.637145731617854372e+00 -1.262880445617171166e+00 -1.333578492680273175e+00 -3.730484971187487009e+00 -7.694944819752040033e+00 -1.545505626166050206e+01 -2.729740160086660694e+01 -4.500111244433080060e+01 -6.139214791089879242e+01 -7.591829505446524706e+01 -9.369393816577411371e+01 -1.015426325717683511e+02 -9.631362466899378205e+01
-7.893692015045620458e+00 -7.623094877372523115e+00 -7.475006705932881523e+00 -7.094496938662264718e+00 -6.925791535173182467e+00 -6.776673391798574642e+00 -6.771073673342045574e+00 -8.894359399449381698e+00 -1.251225169828784090e+01 -1.982825053788527114e+01 -3.132091127339610281e+01 -4.873705995915081246e+01 -6.449007780527784917e+01 -7.743848549590744312e+01 -9.032011925628918902e+01 -9.152352495335799176e+01 -6.546338901510559083e+01
-5.834460767318725871e+00 -5.423194029380567827e+00 -5.127664623894130358e+00 -4.686723675128662059e+00 -4.576178810145370868e+00 -4.732383437838522333e+00 -5.123683262743842448e+00 -7.513654478364280465e+00 -1.101575171333347392e+01 -1.781432406076973862e+01 -2.857895557181340962e+01 -4.516696891362252586e+01 -5.907425025201601443e+01 -6.948849000962921707e+01 -7.722340383515896178e+01 -7.276387170122167447e+01 -2.756283852912859089e+01
-7.434437247598506548e-01 -4.189591827908191457e-02 5.180651132567978268e-01 1.577897844603820543e+00 2.403655432828343486e+00 3.060205054616055076e+00 3.500607706803587238e+00 2.178748316757968873e+00 -1.023603473308984713e+00 -7.599963184957291062e+00 -1.797060579787557799e+01 -3.314409774464371594e+01 -4.468847186070671285e+01 -5.266743932805706407e+01 -5.385284797032985438e+01 -4.077757413787883678e+01 2.363545819917530011e+01
1.547600026537032880e+00 2.569379678872196315e+00 3.363291682104215585e+00 4.835478369869421478e+00 5.902976258764129902e+00 6.829213230094542730e+00 7.623287606824686868e+00 6.793723387848859652e+00 3.856335055443372184e+00 -2.204588668301561860e+00 -1.168571331848837680e+01 -2.460088873299833523e+01 -3.242307724858560647e+01 -3.601503586528023249e+01 -2.865807805729438584e+01 -7.973701928863691890e+00 6.728266147839396183e+01
2.986728415954948423e-01 1.595370531885668131e+00 2.741004528767458481e+00 4.916199288806740952e+00 6.502677318736444612e+00 8.036752626421833412e+00 9.622989748209509031e+00 9.175554388465922528e+00 6.325011237286396693e+00 8.382848703808885027e-01 -7.207665521936648112e+00 -1.701096810867534970e+01 -2.192826755837766939e+01 -2.234847295152265545e+01 -9.576595506589999474e+00 1.492026275502540855e+01 9.581646408205931209e+01
-2.541532063723547452e+00 -1.051300636552303880e+00 4.024706396507972128e-01 3.308285371122007934e+00 5.304341154139804893e+00 7.185118541616482446e+00 9.044668448332876309e+00 9.002376991679739149e+00 6.680153682820820116e+00 2.249505136239085434e+00 -4.015713393716866086e+00 -1.239601090439930786e+01 -1.660689292323677790e+01 -1.598784962536111287e+01 -1.194181248495771230e+00 2.551146626369195758e+01 1.142392705073421695e+02
-3.004728997455345940e+00 -1.505788142829188825e+00 -1.954160570007733577e-01 2.491312848873070251e+00 4.306153166563879253e+00 5.988739674861540685e+00 7.948097842441036676e+00 8.630928256274039256e+00 7.173203491739836402e+00 3.781423025999145260e+00 -7.790378061807777810e-01 -7.062528916029746640e+00 -9.070214232516880415e+00 -6.160838010050523117e+00 1.316473626700186905e+01 4.504076642994768065e+01 1.449008448182474069e+02
-1.596047243657604309e+00 -3.080134752224881201e-01 8.727499567435078598e-01 3.533980331457608148e+00 5.138953982607114668e+00 6.487229693894366100e+00 7.930269582029283448e+00 8.279969466553401602e+00 7.459196896064044680e+00 5.524990972556605762e+00 2.842275517573193078e+00 1.379268758274784235e-01 1.585612606072660746e+00 7.590276314997614016e+00 3.224857770748073449e+01 6.919854921461252673e+01 1.747728239159542625e+02
2.745445660346396810e+00 4.015384238789033056e+00 5.154251502693191433e+00 7.900652985074628099e+00 9.753898198178692525e+00 1.133773029384321696e+01 1.292610579129296333e+01 1.373511059558563119e+01 1.328601268167720661e+01 1.187479147546063452e+01 9.992073716598438793e+00 9.692076960835741772e+00 1.342514791842193311e+01 2.212345028887830267e+01 5.215210583925163945e+01 9.392501861910221805e+01 2.028526321580102945e+02
6.370174993893160220e+00 7.708003698430724526e+00 8.938137798281768909e+00 1.223659183684021023e+01 1.459761975232833109e+01 1.702321287181779752e+01 1.954292161452061904e+01 2.138207972549052016e+01 2.146706440704729602e+01 2.052406354379825260e+01 1.931577926584313687e+01 2.018345340146545297e+01 2.534563306827763896e+01 3.686503642949607951e+01 7.180946969411965597e+01 1.170767036478396932e+02 2.262109102295976868e+02
5.031948484878557615e+00 6.831132619726462352e+00 8.490989835662928087e+00 1.268312374697199729e+01 1.575581864571424973e+01 1.895511562180281118e+01 2.237430154858262554e+01 2.547858850279836673e+01 2.669873963724717925e+01 2.733981883049481354e+01 2.817442008079556715e+01 3.205010795317760852e+01 4.008011573934727068e+01 5.464308638887239766e+01 9.414239334451720254e+01 1.419729341259933904e+02 2.526628104124035588e+02
3.835838242820035049e+00 6.004375988552064669e+00 8.192473380796382543e+00 1.316499521827603125e+01 1.678664248691017846e+01 2.059755798251686443e+01 2.482178392626078178e+01 2.899293367462107796e+01 3.110418962709140445e+01 3.297316474896196326e+01 3.584427801140455472e+01 4.383757631010775668e+01 5.637131191321591217e+01 7.470245499443326764e+01 1.191682644928078503e+02 1.707427155114049526e+02 2.884246067419957740e+02
4.311930327667716334e+00 6.609943490907662422e+00 8.914415281439966421e+00 1.387690704742409764e+01 1.749527898796713288e+01 2.125842584895583443e+01 2.562050861180486905e+01 3.046180474580230424e+01 3.362837447716051287e+01 3.724605025841044892e+01 4.301500107200882184e+01 5.523423629709319727e+01 7.134407583428613009e+01 9.310295799229642455e+01 1.439189636494945432e+02 2.009065673710582303e+02 3.262381166872293079e+02
3.029596145222208659e+00 5.275563313057628712e+00 7.648497829887229926e+00 1.280760919445114077e+01 1.655191150237343223e+01 2.039197888142447468e+01 2.470911097078864671e+01 3.028291302434404031e+01 3.477078451304462448e+01 4.077269391136550780e+01 4.999859957082041007e+01 6.715273399885647621e+01 8.797812678668097419e+01 1.153008127520160144e+02 1.761078873525514155e+02 2.411747073603756064e+02 3.786188039765891631e+02
9.260221366619448835e-01 3.249356118772936952e+00 5.722411815512916000e+00 1.129777486449430590e+01 1.541444134700736868e+01 1.960828500673291686e+01 2.456238163234981897e+01 3.153274940193184506e+01 3.725671251542186724e+01 4.525051367093466581e+01 5.792448731644201132e+01 8.061950336836467557e+01 1.073980373773773067e+02 1.419454968103034389e+02 2.157450222112720724e+02 2.927507988347077799e+02 4.504330060258187132e+02
1.175408460396231591e+00 3.520743754372662515e+00 5.833956605032419418e+00 1.112347009518304830e+01 1.515778301975508846e+01 1.935476735996169140e+01 2.459471892208565080e+01 3.254613141136560017e+01 3.970692287366094320e+01 5.058286370253068753e+01 6.739546385073128931e+01 9.688101124292849420e+01 1.317223464018114782e+02 1.755415135449267439e+02 2.648874202575829031e+02 3.540290185288276348e+02 5.314023705502227131e+02
1.077572987150791528e+00 2.935559702080260625e+00 4.688214349356426780e+00 8.651700368338476110e+00 1.167902249008863791e+01 1.478253664577803050e+01 1.899428955430752453e+01 2.677990951868674330e+01 3.532403255897931871e+01 4.909615003046755533e+01 7.057032049304876864e+01 1.081394070004062087e+02 1.523070651969485425e+02 2.059775442344729868e+02 3.123615415864223905e+02 4.155020325853095073e+02 6.180214204306086003e+02
2.885728566237006354e-01 1.753832446535900536e+00 2.996434277390775502e+00 5.636648634505146305e+00 7.526053107697385336e+00 9.503040532280627062e+00 1.263340116454015316e+01 2.015388664352133574e+01 2.966485616273480730e+01 4.556202182760590347e+01 7.078698383711476083e+01 1.159522335399614121e+02 1.694027918309160157e+02 2.332043140835637871e+02 3.578813337859588160e+02 4.767893370847376673e+02 7.042658173033522644e+02
-1.293786898459818424e+00 -2.012741977800099058e-01 7.725062804206059841e-01 2.399620765094610864e+00 3.476514600479174266e+00 4.650903238031112608e+00 6.878501308038912576e+00 1.437647377715764385e+01 2.483868428773469006e+01 4.220029522561083724e+01 7.003694340169099064e+01 1.217894767280031374e+02 1.834409280776060598e+02 2.577210886720629901e+02 4.016698316005653169e+02 5.348519574506501613e+02 7.787727153045256046e+02
-1.008510346101577637e+00 -3.378442682551908161e-01 7.646600156663813097e-02 5.871740129054482393e-01 1.005636509990388783e+00 1.531735107539456964e+00 3.296380488873652315e+00 1.078550065637045918e+01 2.138557950544635489e+01 3.959778272824387813e+01 6.956474839762874751e+01 1.265771277496088487e+02 1.954772743515286777e+02 2.786270852453963585e+02 4.388107880770038491e+02 5.857512755965636870e+02 8.520078628091898736e+02
-1.903273920063153657e+00 -1.662194198292491931e+00 -1.717125824224386976e+00 -2.128177178152819149e+00 -2.040092898035049451e+00 -1.539899889413801848e+00 5.940645499818386632e-01 8.947652582601074656e+00 2.025796154685250983e+01 3.962185614580809556e+01 7.112770188560713791e+01 1.314148582785418000e+02 2.049243194624157240e+02 2.943143807173809137e+02 4.649427890474539709e+02 6.199715955253974471e+02 8.973125291511191790e+02
-2.136428502259607676e+00 -2.189933266270092105e+00 -2.546743526100594845e+00 -3.528584612064407544e+00 -4.019066654034524788e+00 -4.188187284657825415e+00 -2.574017395695444854e+00 5.902298612782884035e+00 1.806847221804286363e+01 3.878935095502818342e+01 7.203121191547300839e+01 1.348729906885681942e+02 2.107809034778225907e+02 3.022881141482610019e+02 4.743052136306870921e+02 6.278846193992239932e+02 8.936163308332328370e+02
1.321511957297603068e+00 1.071089574219682206e+00 5.831212432670201951e-01 -7.718028627339795777e-01 -1.946199317017508035e+00 -2.860815629513786540e+00 -2.245649900698085233e+00 5.315037557926159728e+00 1.757119079501685022e+01 3.866719506988732746e+01 7.215415582119655369e+01 1.346370817284546604e+02 2.088279058964250794e+02 2.971174456284605299e+02 4.603842554804102747e+02 6.032433671799773265e+02 8.406895819541401806e+02
8.480310564266126505e+00 8.110108905878558261e+00 7.485477041612765170e+00 5.943645185269470943e+00 4.554253113057439961e+00 3.188479501120993209e+00 3.100910008613658064e+00 9.737171626745263708e+00 2.108990957510835074e+01 4.109744043768055377e+01 7.354470911884635598e+01 1.330758096018145693e+02 2.027291287388657395e+02 2.842498396688431512e+02 4.313278593486699606e+02 5.584846514654554994e+02 7.693562233878486722e+02
1.605792841470952581e+01 1.582946293940610616e+01 1.522316513098254553e+01 1.369593478236344808e+01 1.243221635960819782e+01 1.124101393235432411e+01 1.111527763149976344e+01 1.732301579614537346e+01 2.755210221887051958e+01 4.578924563485499277e+01 7.587663457849372151e+01 1.307425105132102203e+02 1.950586059746630383e+02 2.702631499759266376e+02 4.033418410718584255e+02 5.173261704644625070e+02 7.036520259087627664e+02
1.970834897806510355e+01 1.963246243678438319e+01 1.920023704091687122e+01 1.825106836501715080e+01 1.748603144183322300e+01 1.680050643017266765e+01 1.688088300151209609e+01 2.261327725347546647e+01 3.214145604199251238e+01 4.941379191178683783e+01 7.780043707871942615e+01 1.287575628347676968e+02 1.889245442081430042e+02 2.590315264654551015e+02 3.817854082661291386e+02 4.859751101160026678e+02 6.529632945090575049e+02
2.238346377736855075e+01 2.247171772794765232e+01 2.231377480313589956e+01 2.171545733404544976e+01 2.115532733180744174e+01 2.074993993458854291e+01 2.103041954573150463e+01 2.679438281438051916e+01 3.590381282536397833e+01 5.242045646891558164e+01 7.980087998766248347e+01 1.287387302712745907e+02 1.859771361188010701e+02 2.521382002851169091e+02 3.677346406513299257e+02 4.649223795024373658e+02 6.175420128753909239e+02
1.995600234104081494e+01 2.023236473351644804e+01 2.023587255060068557e+01 2.034632711176349318e+01 2.019243423836591944e+01 2.028199488162756481e+01 2.138119143916253151e+01 2.755104196444696640e+01 3.655392040239832596e+01 5.293000745704448917e+01 8.027795780422495397e+01 1.287875370031144371e+02 1.844687890248854671e+02 2.480965386336964400e+02 3.582800900675554772e+02 4.503207944338288939e+02 5.894835568879391303e+02
1.546915372063262062e+01 1.583177573691208728e+01 1.582804251291112152e+01 1.635153293747363534e+01 1.667541433379349769e+01 1.738323589650034506e+01 1.910562861097733034e+01 2.525509392302601341e+01 3.421810561920730009e+01 5.093065418873383265e+01 7.827126621178385335e+01 1.262902144393958395e+02 1.813508906137155350e+02 2.438209157400998492e+02 3.499715856516310168e+02 4.369357735014447712e+02 5.630594377219243825e+02
1.143043957005685840e+01 1.176368868391157818e+01 1.176737441979868848e+01 1.211041303844933381e+01 1.240083588483992472e+01 1.320243230827968439e+01 1.500101511720624536e+01 2.068763423620305630e+01 2.966610848542061518e+01 4.669951566825641009e+01 7.442985817510226809e+01 1.225112640865730356e+02 1.769477367447034908e+02 2.383545758794240328e+02 3.410856290623494829e+02 4.230720888375664117e+02 5.377343477295979710e+02
8.461842774544905410e+00 8.699171026796445716e+00 8.707738869914537716e+00 9.124160788641193065e+00 9.750029033574529436e+00 1.097009718136882128e+01 1.315734093362561907e+01 1.921050046829866531e+01 2.873526904602506349e+01 4.602603359525458160e+01 7.359665500308440755e+01 1.210268383072039882e+02 1.742563460106221385e+02 2.340047826642992561e+02 3.336909191441980624e+02 4.118549515527204221e+02 5.166190442382342098e+02
5.957372971348997126e+00 6.001365342046065088e+00 5.997595767304486181e+00 6.593326192092659355e+00 7.383666286918484367e+00 8.695769279233900306e+00 1.129116020514861596e+01 1.833786852657081923e+01 2.827698124172501082e+01 4.555043143656703819e+01 7.267351710136318843e+01 1.196601724711873374e+02 1.724014193774068815e+02 2.311827220374937895e+02 3.277596758207451444e+02 4.011247324679526400e+02 4.903096511833472277e+02
6.524589354731050506e+00 6.325127871150159287e+00 6.102049693960251098e+00 6.225373475208353824e+00 6.493841649708861574e+00 7.443648065117911550e+00 9.867648863482504140e+00 1.700379223150881458e+01 2.690543941080898449e+01 4.423713495275631402e+01 7.123990242838218023e+01 1.178216694375902733e+02 1.702276147613743262e+02 2.280231643258006500e+02 3.201776441005657148e+02 3.879973984976830366e+02 4.630900116040264720e+02
5.574013000236692328e+00 5.241920203042244708e+00 4.879160293777460744e+00 4.652513073336693949e+00 4.793144009350946533e+00 5.486969802261286944e+00 7.420373599805800247e+00 1.469987606072455399e+01 2.482333152157550415e+01 4.253711736804871180e+01 6.994309348858024578e+01 1.167898538118379008e+02 1.686321979755953748e+02 2.244139496569570724e+02 3.117332432783161948e+02 3.740925595058981799e+02 4.382622345367420849e+02
4.022225596731709096e+00 3.949371793376867057e+00 3.853636402319294163e+00 4.024654441690260320e+00 4.412017572482858085e+00 5.467551983028369200e+00 7.685628803750909732e+00 1.509672200364114047e+01 2.536652313658513691e+01 4.345280410259684345e+01 7.133212716658636054e+01 1.183569754397115759e+02 1.693088626925852509e+02 2.231009418632644099e+02 3.054155242875845602e+02 3.626753143619102389e+02 4.167062766121511004e+02
5.865151795648757549e+00 6.188110748276323569e+00 6.486479875383653670e+00 7.286288559408068188e+00 8.136555950401726633e+00 9.623614146379930290e+00 1.204720377290708910e+01 1.899430377723283314e+01 2.904144866017665549e+01 4.746817614610917246e+01 7.566644231275577681e+01 1.227696050681573041e+02 1.734294613437346868e+02 2.263941978928444598e+02 3.052582591703779826e+02 3.582814629912433020e+02 4.023047909394556996e+02
8.620776117048878362e+00 9.025699312433234311e+00 9.476530233942446202e+00 1.093009308845766192e+01 1.234595425954275427e+01 1.427108119621146720e+01 1.694164980290073785e+01 2.369094312334486574e+01 3.361149997555058633e+01 5.185050953335635171e+01 7.988965972180416486e+01 1.271426016339672742e+02 1.777618170174828265e+02 2.301379717779551299e+02 3.062251265722795210e+02 3.547101414863688547e+02 3.890011895537431315e+02
9.684986155352801163e+00 1.020109232653202724e+01 1.081436514269002913e+01 1.263133360964203966e+01 1.424331604797334272e+01 1.627547819590308364e+01 1.917701958485044500e+01 2.619155106523829701e+01 3.637569798123798392e+01 5.484056429984666892e+01 8.334923863858620052e+01 1.316964750184308741e+02 1.828171359683437345e+02 2.347803392626082086e+02 3.081130856553920694e+02 3.533649461550617161e+02 3.814487053141551200e+02
1.099439498756285793e+01 1.141081824782493648e+01 1.195991051076521572e+01 1.370548794507172907e+01 1.500864083846142627e+01 1.656399646331093933e+01 1.902032326710695997e+01 2.591173323152384711e+01 3.626381410425197060e+01 5.478384327417854394e+01 8.367380344058432229e+01 1.328661857829051485e+02 1.847222796363442399e+02 2.363759586956851706e+02 3.075922360225080752e+02 3.501109190689697357e+02 3.721859667451553264e+02
1.303759564624334288e+01 1.323459323668169318e+01 1.359685003935401859e+01 1.485713271470267394e+01 1.571553414959596928e+01 1.663598938429075957e+01 1.833981741995657799e+01 2.446273546581605629e+01 3.461739767016734248e+01 5.333599533205946130e+01 8.297162514669597044e+01 1.328548288359109790e+02 1.838672119493256787e+02 2.337384096089613479e+02 3.009959757349841425e+02 3.399680668294116117e+02 3.548263162200586862e+02
1.220260176184548051e+01 1.223718057484596322e+01 1.228693820033212170e+01 1.269064097434325866e+01 1.313614195748826496e+01 1.364205751891999974e+01 1.503457933994337914e+01 2.102516235292797830e+01 3.121651782355876392e+01 5.033772935348461885e+01 8.018201277195183252e+01 1.295579771097888226e+02 1.788786763322999320e+02 2.258144963814999926e+02 2.878019515263898143e+02 3.233049192984174169e+02 3.330518226972496905e+02
1.145360819971727651e+01 1.142962215976411855e+01 1.149028688815559640e+01 1.195090363768358444e+01 1.240417980034306211e+01 1.297552869316468183e+01 1.451287021921637965e+01 2.003372079245913895e+01 2.971166157619160586e+01 4.823412063297421071e+01 7.743292633041956208e+01 1.252995507906538109e+02 1.722629891745907571e+02 2.165292428043751158e+02 2.739164735796821901e+02 3.061828983547486587e+02 3.097806368861337774e+02
1.017738946808836786e+01 1.039778932838641445e+01 1.064130108851221301e+01 1.121330961356897404e+01 1.177868058742326873e+01 1.267706190099154107e+01 1.455337205573694526e+01 2.053488942322159971e+01 3.058895464085825466e+01 4.922954226160010904e+01 7.760392914773409245e+01 1.232585614956969664e+02 1.678768506259023070e+02 2.097417850264808408e+02 2.626992732908040011e+02 2.907545579185726297e+02 2.862702689613929010e+02
5.497366666040512939e+00 5.992065223984035960e+00 6.478931586789467012e+00 7.482714267780304240e+00 8.290155666977595317e+00 9.449191126963489396e+00 1.173413838224449535e+01 1.851295344096052276e+01 2.906326756778112497e+01 4.774994193285091626e+01 7.562962115769445859e+01 1.197150054916947681e+02 1.621620628272447675e+02 2.019021091305063749e+02 2.514967204990668677e+02 2.763275283424110285e+02 2.665218229041283280e+02
6.181725854260807118e+00 6.500963544409380290e+00 6.869780950495752769e+00 7.499774549003969781e+00 7.975402920189899270e+00 8.608599321625176160e+00 9.934851362203547254e+00 1.545781292316135769e+01 2.574763922950777584e+01 4.430524724851053975e+01 7.165787705562433985e+01 1.141200969697880652e+02 1.543828708022385570e+02 1.916654570519378069e+02 2.367195596488325577e+02 2.579533111910209868e+02 2.421502641467561148e+02
7.577345515665903974e+00 7.661068544860746066e+00 7.686223786326045193e+00 7.440286635434242513e+00 7.205620241785042346e+00 6.917534656919542613e+00 7.270577399043142819e+00 1.197121844156232129e+01 2.195582641542780422e+01 4.026724993981702738e+01 6.743980599459862901e+01 1.083675274396664747e+02 1.465366467185243380e+02 1.809886860744165631e+02 2.213348283469244393e+02 2.388937324152925044e+02 2.177139424161951808e+02
6.722063046094024941e+00 6.706100162658533925e+00 6.704340472379774596e+00 6.354326625598046618e+00 5.881151415145803973e+00 5.333727186898114425e+00 5.667017342094896826e+00 1.059729891369748245e+01 2.038169746968278773e+01 3.813281978777978054e+01 6.468814297025457449e+01 1.046895605609802971e+02 1.411576854575407367e+02 1.732758955976169659e+02 2.092101095141730411e+02 2.229031849008484016e+02 1.965735374601288470e+02
7.018462046568332724e+00 6.847835226706374456e+00 6.759766506586248447e+00 6.455460968531819610e+00 6.081830189557473787e+00 5.561203480455553461e+00 5.825988152420801924e+00 1.038889685581676936e+01 1.976671181955654077e+01 3.734883898614290132e+01 6.365693904783039159e+01 1.026737945071767939e+02 1.375325838988028977e+02 1.678160592576436159e+02 1.995367553299529391e+02 2.093591272154853016e+02 1.781528900983990411e+02
7.476641923117417043e+00 7.430653953644076992e+00 7.458298060087020787e+00 7.574921433031382101e+00 7.529424117285301143e+00 7.251379271109184010e+00 7.601933941682721851e+00 1.123967932828298011e+01 1.978352120132706560e+01 3.666387372299276137e+01 6.237240155384866114e+01 1.001789669501535656e+02 1.338005757816262644e+02 1.625220302532199526e+02 1.909525913464429152e+02 1.978861785139323501e+02 1.620537800538635622e+02
1.323227540994413864e+01 1.316285979592804978e+01 1.314847352749233167e+01 1.315330779397490701e+01 1.304712354855632128e+01 1.255480727818821229e+01 1.231341520409539747e+01 1.535223391610499277e+01 2.322698754212817818e+01 3.881589234397553412e+01 6.308909428412366793e+01 9.940776115641561717e+01 1.315715542436503824e+02 1.587223445210943851e+02 1.841369533694933409e+02 1.885140597729598824e+02 1.476268581487724134e+02
1.947160622641823480e+01 1.935333412107965501e+01 1.921650236641264797e+01 1.892470924109291630e+01 1.855462884512667898e+01 1.778910187752019212e+01 1.737720655166697625e+01 1.998304674334978515e+01 2.714964586091733523e+01 4.158391572881546949e+01 6.435104412727196177e+01 9.856175476573780259e+01 1.289697834542004102e+02 1.545824478288999444e+02 1.767563417790080393e+02 1.782583414517639824e+02 1.316663626173568957e+02
2.032725988904827830e+01 2.016356425682511144e+01 1.986550187766120956e+01 1.905849912640678667e+01 1.852754063760079006e+01 1.789569976321770994e+01 1.768749894209647522e+01 2.021413354409909502e+01 2.711189727709722419e+01 4.130994386998962398e+01 6.336382689313021643e+01 9.577956323159904173e+01 1.245466765843161880e+02 1.486431780738446662e+02 1.678513297612241217e+02 1.670035818262521445e+02 1.176934444774614121e+02
2.017645569049543397e+01 2.003260617354883166e+01 1.975957202865459905e+01 1.893610685860016218e+01 1.830126671017390549e+01 1.763235501549705475e+01 1.742969784394551525e+01 1.988428087009502221e+01 2.664432225528094733e+01 4.042830235164878872e+01 6.167964847511419890e+01 9.283245629212773053e+01 1.202089251324024133e+02 1.427897075860616951e+02 1.592832863467443190e+02 1.560432776578299752e+02 1.039611608351888492e+02
1.969347893141414474e+01 1.950455149768577812e+01 1.919430757980824254e+01 1.839600003150197338e+01 1.772342170197400080e+01 1.719313204328650002e+01 1.742133734991872984e+01 2.107562552660082389e+01 2.827740040661105425e+01 4.176596493966653156e+01 6.206253173710572213e+01 9.198449489573293647e+01 1.180837864294956745e+02 1.393231669588047055e+02 1.538678133087085484e+02 1.490443694142693687e+02 9.712645520507336983e+01
2.186351055426268175e+01 2.183743897365961217e+01 2.166788282472466065e+01 2.128415647239483022e+01 2.089258094607611582e+01 2.091550524532068778e+01 2.178368400092528745e+01 2.580101845547963535e+01 3.270034341899390284e+01 4.553252018950103519e+01 6.514234679676211215e+01 9.334760805661704808e+01 1.175283884885048451e+02 1.370068265339128004e+02 1.490544204381316717e+02 1.424557067547849556e+02 8.779575644333770867e+01
2.635504860380287440e+01 2.615381015121907993e+01 2.589554119523350906e+01 2.546411426674591283e+01 2.523697127157184994e+01 2.545869968140641504e+01 2.603544047341410561e+01 2.976126972872536314e+01 3.635783868898955262e+01 4.874912029444508477e+01 6.768835384569094060e+01 9.465134320835342407e+01 1.176060033439153472e+02 1.355032211986944048e+02 1.446836534627769026e+02 1.360919431007765752e+02 7.703469171280707428e+01
2.893512011360650860e+01 2.882733302697230826e+01 2.856816040097834986e+01 2.800962803876909391e+01 2.785947479556599404e+01 2.816132252986582074e+01 2.878893437612833139e+01 3.293249353033212401e+01 3.955848772455761519e+01 5.144187901533144469e+01 6.932918055262992141e+01 9.511414590981583217e+01 1.173583509493860362e+02 1.339737418941079454e+02 1.403863515399312405e+02 1.288680949461363809e+02 6.324023155392382023e+01
2.790258740046818531e+01 2.786138068223492326e+01 2.763961717057352985e+01 2.716984276732516079e+01 2.714916075337772483e+01 2.754520997739374977e+01 2.826790689790711752e+01 3.232633949393655115e+01 3.896275732915572831e+01 5.045050986248195812e+01 6.742960169226962819e+01 9.219247144130649474e+01 1.130921274110795309e+02 1.281329291044775402e+02 1.320357656024314110e+02 1.179850111526539536e+02 4.851044033236077269e+01
2.838026717606148708e+01 2.814942204085576094e+01 2.771682047212587818e+01 2.661269546530830254e+01 2.610288487940839630e+01 2.596991863076248919e+01 2.598781424436538146e+01 2.898225425606344885e+01 3.504956889255845454e+01 4.590762080788097421e+01 6.217772168015765288e+01 8.576348521379989620e+01 1.050819108840877902e+02 1.183050735172421497e+02 1.192638021146784411e+02 1.029385861142876166e+02 3.007151756966167255e+01
2.865204089000053500e+01 2.824076952725348022e+01 2.759585055561095146e+01 2.626149077178997970e+01 2.573322464745952232e+01 2.561289299940569109e+01 2.549370429856759657e+01 2.787827244824268647e+01 3.324864799929286363e+01 4.321204148110266630e+01 5.822371227280925154e+01 7.948146576530146490e+01 9.608652569436051749e+01 1.066081144491756447e+02 1.034914596623734866e+02 8.472353501519630470e+01 9.138409044746016008e+00
2.919737677546609333e+01 2.855208136935502239e+01 2.775348814301728240e+01 2.650369543333609812e+01 2.625098814066635811e+01 2.642678026356367482e+01 2.668942009490093881e+01 2.943873892257470715e+01 3.452027648426226136e+01 4.376006324852554030e+01 5.762443202335080628e+01 7.645925308249579189e+01 9.035675798176447415e+01 9.817861502091363946e+01 9.158820517498151048e+01 7.123783834105721269e+01 -4.750088863896199776e+00
3.025652369651647078e+01 2.978370376315091050e+01 2.922623225778241718e+01 2.848231949344760849e+01 2.855001703224676746e+01 2.919784218242202556e+01 3.024653842211569810e+01 3.349927145710467613e+01 3.829851051885241731e+01 4.670562776465466470e+01 5.943440081284622778e+01 7.619645174455358472e+01 8.789401405271992473e+01 9.382797360225085015e+01 8.432261496825360325e+01 6.153811602897845034e+01 -1.825973976513570562e+01
3.124276427104602760e+01 3.088879309311243304e+01 3.042806103210009994e+01 2.978402335286771319e+01 2.978837409866617136e+01 3.053909341429188018e+01 3.197696544369880556e+01 3.577755297980852589e+01 4.060802676072754025e+01 4.865879672642319065e+01 6.106170069511320975e+01 7.679389711911707650e+01 8.708389269002726962e+01 9.155355389759849061e+01 7.885740823979921288e+01 5.279085012187076131e+01 -3.419520812018509304e+01
2.677176754259837921e+01 2.626880827579122624e+01 2.577551848439567905e+01 2.533088983086706136e+01 2.556101822979357863e+01 2.678412162035085586e+01 2.883642801460184657e+01 3.274934033837859459e+01 3.752266993221878977e+01 4.527622425297921893e+01 5.735946527443434917e+01 7.272668380627102636e+01 8.197291908025368912e+01 8.467139212581253105e+01 6.885353020055963214e+01 3.992292114904299893e+01 -5.053648074521539257e+01
2.279809775307852604e+01 2.228477932778928050e+01 2.165820982505566050e+01 2.115081319868653154e+01 2.148452451703175825e+01 2.284740870057468598e+01 2.518719743959131563e+01 2.903969089469489617e+01 3.369999031430533165e+01 4.138038073242663017e+01 5.333498820790200057e+01 6.813000035733632842e+01 7.608837396936718278e+01 7.715602384373478628e+01 5.860249533582088333e+01 2.738622600204631041e+01 -6.523297198483369641e+01
2.137131120413040364e+01 2.096763585126909746e+01 2.033052785154368891e+01 1.979213982381439152e+01 2.025589028929190860e+01 2.167914409022171540e+01 2.413459718324948966e+01 2.799790840718284812e+01 3.257014934776717041e+01 4.004033433512889673e+01 5.161433985879572361e+01 6.522816675192582636e+01 7.174427838754824904e+01 7.123201752076332127e+01 5.121603424410186989e+01 1.934829005175725314e+01 -7.311571912990480371e+01
1.714051708465708046e+01 1.684990776256695000e+01 1.651049407973676963e+01 1.634525986342226744e+01 1.701745963980498644e+01 1.852797426050192797e+01 2.077866436623580526e+01 2.423769211528032130e+01 2.870453553803558577e+01 3.621105057813254291e+01 4.722328111834990239e+01 5.983406548093725519e+01 6.535773877587868697e+01 6.380555451071244732e+01 4.240105780949042469e+01 9.710321565057681070e+00 -8.368462908491815710e+01
1.490454463351501246e+01 1.451090197501185308e+01 1.421552098457433821e+01 1.456023067939032956e+01 1.554324509791009312e+01 1.745256054969611981e+01 2.026285141204252582e+01 2.469495422333896073e+01 2.929686018935069214e+01 3.608418467140100461e+01 4.599631073776794210e+01 5.725227449258231616e+01 6.121383568548375109e+01 5.834382569887490178e+01 3.554705554886799490e+01 2.471809456999424892e+00 -8.957205216357736788e+01
1.408521015108077101e+01 1.360877607967282543e+01 1.317275837883100031e+01 1.345161213918435550e+01 1.460830134546516490e+01 1.678232318435543391e+01 2.001709348763990803e+01 2.538990280452582127e+01 3.045552879190229234e+01 3.700942333443659038e+01 4.588460035696012085e+01 5.561538083586604131e+01 5.802070340710739771e+01 5.358053137788896692e+01 2.937100911771771905e+01 -3.722155038817706263e+00 -9.388301420693900923e+01
1.399952246830563496e+01 1.358260244443890308e+01 1.320957589000249399e+01 1.364462440428277468e+01 1.480236581316576228e+01 1.677456252162830808e+01 1.991395365348156687e+01 2.498671461242171077e+01 2.980822348376565856e+01 3.634173904294036106e+01 4.519370613226698197e+01 5.411596691441985740e+01 5.569453059174890086e+01 5.051023862542112397e+01 2.573358133726510744e+01 -7.542697456517705845e+00 -9.621175091026734094e+01
1.323121441654290820e+01 1.297566337016091431e+01 1.270830664086008710e+01 1.312154741429566762e+01 1.431665156607335732e+01 1.624299938218435457e+01 1.932915974719391272e+01 2.426143570203420197e+01 2.903572070030385177e+01 3.550711639947932952e+01 4.407311782506328512e+01 5.225706115340624791e+01 5.318362760291265090e+01 4.737490831502773858e+01 2.217894038502022624e+01 -1.127133250707130685e+01 -9.853514402533718908e+01
1.433410338102537374e+01 1.416430956455280565e+01 1.397738393270227242e+01 1.419125937772703772e+01 1.524551266710176911e+01 1.701564557034627612e+01 1.956416760859266191e+01 2.392355354026248193e+01 2.841235598406655782e+01 3.452963610939748662e+01 4.250002468441559245e+01 4.958593326838602167e+01 4.972823351739280895e+01 4.322286830088464882e+01 1.738515775457375057e+01 -1.627526132567982131e+01 -9.920578245365921077e+01
1.543940429967013195e+01 1.545966074268118362e+01 1.543895661561142241e+01 1.585827501542183704e+01 1.705571478309688160e+01 1.891198936172213507e+01 2.126546478638805837e+01 2.513389861428758110e+01 2.915969053735860328e+01 3.469733685717065441e+01 4.157561682828303873e+01 4.697803674733689405e+01 4.612821555654156924e+01 3.887570809009412187e+01 1.223442860044551495e+01 -2.154275011660408268e+01 -1.029013474399676085e+02
1.699743200318423675e+01 1.725825492407073369e+01 1.747614750795542449e+01 1.816840689837730594e+01 1.933162824752874442e+01 2.105990225911770608e+01 2.328403334417876991e+01 2.656279832879467406e+01 2.990206023185475104e+01 3.481016602973015495e+01 4.107860364257345509e+01 4.503353859796284553e+01 4.276994923943798455e+01 3.428133792353759191e+01 6.714860676455974620e+00 -2.719787591779013169e+01 -1.056653432685363327e+02
1.757503947680193335e+01 1.758648186483001297e+01 1.766045061165628738e+01 1.806224721982952275e+01 1.884622367230758044e+01 2.005560082337798633e+01 2.178862311740192226e+01 2.453750009403583832e+01 2.778981807820776240e+01 3.284265048560116895e+01 3.891242674605798868e+01 4.206154788682597001e+01 3.869443561552144217e+01 2.913803337144916838e+01 2.739744448122256593e-01 -3.422995249307883370e+01 -1.117164334263660805e+02
1.577261788384754659e+01 1.542918130785557196e+01 1.519676182783160279e+01 1.508459525551426239e+01 1.541293583274403822e+01 1.620310466474334632e+01 1.750569445959459713e+01 2.001236313079261464e+01 2.325747350069198660e+01 2.806771428893819476e+01 3.354631266550298818e+01 3.608630612060657228e+01 3.202140726558736361e+01 2.137229364768914408e+01 -9.836713766098968748e+00 -4.568663628054262915e+01 -1.243259123360013803e+02
1.268725696164481320e+01 1.224115203284391207e+01 1.200213769977921352e+01 1.183938091720704300e+01 1.203609349375222948e+01 1.273617284827130192e+01 1.410638066283996928e+01 1.691984359013892458e+01 1.991461237474422674e+01 2.389096917128074793e+01 2.852399842395874074e+01 3.027811813538154340e+01 2.562143745110106252e+01 1.424777652187690258e+01 -1.857405982938150046e+01 -5.615749785598205790e+01 -1.374473991559340504e+02
9.363999486945258965e+00 9.142084319142691484e+00 9.214408393312544021e+00 9.867187264910347366e+00 1.066813701543317627e+01 1.182013124586246100e+01 1.368088645733025466e+01 1.667737351235252063e+01 1.916920649712635694e+01 2.262098654910923656e+01 2.680833844261560017e+01 2.742455784334381974e+01 2.177369938989519937e+01 9.371398426215936439e+00 -2.549273055714401082e+01 -6.495182542428952388e+01 -1.480337414803503293e+02
5.909449729392261652e+00 5.834353495172194926e+00 6.108624975785756916e+00 7.114254991423950791e+00 8.083945291341954942e+00 9.384889869891946290e+00 1.132377877967773294e+01 1.393944583722030472e+01 1.592549232479247934e+01 1.917663462551140086e+01 2.336753472744652171e+01 2.306716041766970093e+01 1.675234008260139973e+01 3.545443774073646637e+00 -3.213444261178982231e+01 -7.179464870080025207e+01 -1.537452991469065466e+02
4.682025520630507920e+00 4.646405458335539862e+00 5.034533850091770013e+00 6.118366533480506853e+00 7.238090122096214607e+00 8.678847407054915308e+00 1.052653292571918620e+01 1.266163543421994397e+01 1.427004421566559067e+01 1.687641759072571901e+01 2.015240792948060999e+01 1.873572606034846899e+01 1.149504948167404805e+01 -2.140347594186448266e+00 -3.751854998570642152e+01 -7.584468142528238843e+01 -1.545513257176818627e+02
6.336161340056385427e+00 6.323555914668092193e+00 6.792145319035501672e+00 8.269642329870308117e+00 9.667977448317897071e+00 1.157996892584704263e+01 1.387228671254358936e+01 1.582148724309404209e+01 1.700696100520587706e+01 1.900557961828963016e+01 2.126143993364821227e+01 1.828752360300307700e+01 9.802293816953262962e+00 -4.115895447159052978e+00 -3.839658593373878404e+01 -7.468735095314713135e+01 -1.485991133357907188e+02
8.100752465588344720e+00 8.265234736450368658e+00 8.799281730523279776e+00 1.057806223105741594e+01 1.237457836667223710e+01 1.479281535398859582e+01 1.767473427814298503e+01 2.034146116694756046e+01 2.123704796957753871e+01 2.225751229048804802e+01 2.326413335602730115e+01 1.909934654474619009e+01 9.739136506228474488e+00 -4.568403571858652867e+00 -3.922100262924310954e+01 -7.459978240099911773e+01 -1.446175255589491542e+02
7.228380419970362958e+00 7.444969548246977986e+00 8.242306954939888186e+00 1.064742161875225968e+01 1.307202642125817071e+01 1.617712278921667846e+01 1.982049798575165056e+01 2.278697607915552581e+01 2.330251691705272421e+01 2.356023914261858110e+01 2.385939427735329232e+01 1.907628589349115344e+01 9.122723861789705069e+00 -5.521694074987892442e+00 -4.035195933136721180e+01 -7.511865163848104032e+01 -1.421380526488024429e+02
4.439732623903092978e+00 4.702911803053160256e+00 5.539622718689810377e+00 8.323382712351779844e+00 1.110134733417713093e+01 1.448692184396812088e+01 1.835812596856941425e+01 2.100210992981151037e+01 2.119802708044939621e+01 2.117657679345202482e+01 2.137022274276313993e+01 1.622749251474461829e+01 5.941837404459464622e+00 -8.866901160779010027e+00 -4.378683667097978827e+01 -7.769549163833049477e+01 -1.406859244290142499e+02
2.778552254339965888e+00 3.212378011968885172e+00 4.017991882823766403e+00 6.707841662873907929e+00 9.148767742217549070e+00 1.198063648648133395e+01 1.527257742443275568e+01 1.738444942939032956e+01 1.768768266467568750e+01 1.811310070113150772e+01 1.876523028443977736e+01 1.376367587152456196e+01 3.582619444360862992e+00 -1.118019811476892045e+01 -4.522039045573546900e+01 -7.751404284650338639e+01 -1.341762053517693687e+02
4.926426593650117702e+00 5.226342294442287262e+00 5.859097329710438729e+00 7.747240164788448347e+00 9.581965953843447181e+00 1.176814551392475749e+01 1.423727541883574510e+01 1.590355399163452610e+01 1.634636137608348605e+01 1.737175341162125619e+01 1.871472291390833576e+01 1.400844418595026575e+01 4.089722913908541813e+00 -1.058799171355930113e+01 -4.335911452064295446e+01 -7.387474892422922323e+01 -1.253231744816743429e+02
9.459606884991714537e+00 9.747004502084777755e+00 1.033865266817375606e+01 1.179520321856567122e+01 1.306491983677253899e+01 1.452015952715004055e+01 1.613721384885047883e+01 1.719815026743793496e+01 1.731895015534724536e+01 1.794396919761062037e+01 1.878637401450408007e+01 1.418954551524130991e+01 4.452074149163367522e+00 -9.753065099151141837e+00 -4.123223474362097107e+01 -7.031790330103508779e+01 -1.183543652390764578e+02
1.421047399867080330e+01 1.435744503133275707e+01 1.478870769091161286e+01 1.584452409151943364e+01 1.681471689561263005e+01 1.781189429145842951e+01 1.857600119989764309e+01 1.880606982727476861e+01 1.875580036749224533e+01 1.917210726859658365e+01 1.942003965492594730e+01 1.461863588747294962e+01 5.305938177058182603e+00 -8.213915615972689821e+00 -3.812389319782162289e+01 -6.552136683016361474e+01 -1.090527334346407997e+02
1.511410951505329336e+01 1.526294674090485337e+01 1.565260975396454235e+01 1.671692441114734606e+01 1.779143285039645406e+01 1.878438633132214619e+01 1.948921443845535251e+01 1.955323864234789255e+01 1.909537117838235432e+01 1.906289024885647265e+01 1.853832478860737965e+01 1.339998768130123707e+01 4.526439595118943338e+00 -7.928035289780852146e+00 -3.499470954200759820e+01 -5.916531317705794635e+01 -9.692250033852889146e+01
1.314164160098028766e+01 1.349637981005224496e+01 1.411090540438245888e+01 1.580352227803768983e+01 1.718633959737605110e+01 1.860186940956766577e+01 2.006540394518079751e+01 2.086550026141972936e+01 2.084310608938648812e+01 2.075961140617484091e+01 1.944527300493512811e+01 1.393398235322890599e+01 5.327004562620078154e+00 -6.401745681873029170e+00 -3.175652844020829235e+01 -5.393026064862157654e+01 -8.567610285267244308e+01
1.095490401469576369e+01 1.110470714761939171e+01 1.149817743792691438e+01 1.294508569723834412e+01 1.430682217299970738e+01 1.571177347887582876e+01 1.720383309009397621e+01 1.818942985112246902e+01 1.846351878460518492e+01 1.844432018649190752e+01 1.711114663577271955e+01 1.194065278759916815e+01 3.719122382040950470e+00 -7.211059746629783440e+00 -3.012727049605804908e+01 -4.974403389428833577e+01 -7.543102704095450406e+01
7.759091530158420902e+00 7.948268899564032708e+00 8.438139796543982385e+00 1.007325000423159800e+01 1.151598362929555464e+01 1.289491432862148734e+01 1.419076139902799483e+01 1.448585159823364954e+01 1.454440420754088947e+01 1.466746001594841609e+01 1.384231195647255142e+01 9.555666648486264236e+00 2.008336279790514212e+00 -8.281765786741802415e+00 -2.916183008846864055e+01 -4.661814995711956300e+01 -6.842129479868779640e+01
8.276870926182947841e+00 8.333720942328740833e+00 8.554201422715674852e+00 9.646014607061708546e+00 1.074511207429961068e+01 1.179001073419445866e+01 1.269756148535289775e+01 1.274875402473504238e+01 1.275692433121698244e+01 1.293493164532684503e+01 1.231490496735069939e+01 8.069646020778089124e+00 7.695194955160860051e-01 -9.114240886043614154e+00 -2.917505999488475510e+01 -4.594010197249613014e+01 -6.650982486759734513e+01
6.710178163858579126e+00 6.514709869370066464e+00 6.440801187955139007e+00 7.017574363565230122e+00 7.686919681143191241e+00 8.296342051712159105e+00 8.785219724211460246e+00 8.634014043316504683e+00 8.704015049500529955e+00 8.689622154474701432e+00 7.642728817480166192e+00 2.968163216177110098e+00 -4.135271067796155720e+00 -1.359501666315572344e+01 -3.276470062740736466e+01 -4.911933574942814573e+01 -7.035838010050534308e+01
6.061278140194782615e+00 5.653104279783985220e+00 5.351688948857625583e+00 5.367066605135901725e+00 5.855119641836176392e+00 6.426120131762995236e+00 6.940042377264401985e+00 6.732958114543268202e+00 6.424834308798762272e+00 5.817604502061370475e+00 4.203077041706614558e+00 -1.235640722797260560e+00 -8.903794253279732729e+00 -1.896882428833645662e+01 -3.799341513827065597e+01 -5.366936377211723652e+01 -7.269586637126825224e+01
4.571256966044481729e+00 4.130322371415346971e+00 3.707558144728717586e+00 3.280108580867092005e+00 3.405174641065118024e+00 3.411389412877622096e+00 3.137933105703811343e+00 1.992406368485218682e+00 1.456815202590845626e+00 9.482219697881573151e-01 -4.848672777745026141e-01 -5.920081735977639426e+00 -1.364968488580293027e+01 -2.369699809295255477e+01 -4.266013979372274179e+01 -5.796800852717247210e+01 -7.687803359713531393e+01
2.099286474628291099e+00 1.711826520983157573e+00 1.263263054059345913e+00 3.979321159763091198e-01 5.960110924683425550e-03 -6.335297585910959484e-01 -1.839383209331352242e+00 -4.139611998600729592e+00 -4.586362777217771303e+00 -4.367942843118109764e+00 -5.260496283702430276e+00 -1.057154648569156663e+01 -1.810905903947998397e+01 -2.797895759358435797e+01 -4.705731768325723863e+01 -6.255997278601922318e+01 -8.152477610059571589e+01
-1.250135890325216659e+00 -1.535784791625908641e+00 -1.917936719032138360e+00 -2.723554586411417677e+00 -3.207369367721602860e+00 -4.358889892460572568e+00 -6.156672808776229466e+00 -9.046851255942900849e+00 -9.787280520281603557e+00 -9.562298057971313270e+00 -9.934040655467645919e+00 -1.439210677020638585e+01 -2.132528746765186156e+01 -3.086547181556946384e+01 -5.017371010998466829e+01 -6.623271667744941738e+01 -8.608370649900702176e+01
-3.866988026011028534e+00 -4.041633969611373445e+00 -4.288458113837951835e+00 -4.967792832397993408e+00 -5.543196316803049584e+00 -6.807628941983606019e+00 -8.855299250346082118e+00 -1.187586066329118495e+01 -1.268009773147866426e+01 -1.230441244508311982e+01 -1.236878187815956665e+01 -1.628813177998624795e+01 -2.279269510562112089e+01 -3.220483833353348047e+01 -5.147821988219220657e+01 -6.795158140120932444e+01 -8.854061315148065603e+01
-4.020823943942112066e+00 -4.077563987882538932e+00 -4.209626581213137264e+00 -4.977460425004525568e+00 -5.735962795648762658e+00 -7.177213533830317793e+00 -9.402900442344719778e+00 -1.278093027804516169e+01 -1.340813471390526601e+01 -1.258009293564948372e+01 -1.262526424079198684e+01 -1.632088000646971437e+01 -2.241644489874224533e+01 -3.127817314636470769e+01 -4.962614958849911773e+01 -6.566203837791856301e+01 -8.489439113655515712e+01
-7.748675391085165565e+00 -7.944750062651409372e+00 -8.165051081459520077e+00 -8.858843227160575040e+00 -9.551719257793731543e+00 -1.094951225945625595e+01 -1.299894527018386725e+01 -1.611588839446924482e+01 -1.666037394303683783e+01 -1.592955655505245893e+01 -1.597708486925256999e+01 -1.919403173146369213e+01 -2.447062930684267101e+01 -3.200584385908176444e+01 -4.830288765346643487e+01 -6.210236274524540079e+01 -7.602773634975316952e+01
-9.677581009856343286e+00 -9.973681520141543189e+00 -1.031094676253310460e+01 -1.104694664357771927e+01 -1.170572274088228681e+01 -1.295021811619828433e+01 -1.465633228138544730e+01 -1.738273633094597059e+01 -1.811528068766537913e+01 -1.803054214499582386e+01 -1.879171007989295816e+01 -2.218210398674478512e+01 -2.712779615656589982e+01 -3.417934803051279857e+01 -4.894778282227971999e+01 -6.100173496178368282e+01 -7.138877390391820654e+01
-6.924719515246271051e+00 -7.261638128935408609e+00 -7.595905831070203895e+00 -8.088554165600953638e+00 -8.435982496163330069e+00 -9.277531351558698347e+00 -1.051455804552082363e+01 -1.340234657107603411e+01 -1.442411728529731896e+01 -1.461989432249033705e+01 -1.568663628054303949e+01 -1.959531804811626188e+01 -2.500997861624320251e+01 -3.243001474482421287e+01 -4.691405262623395345e+01 -5.828674122457279339e+01 -6.767769535011429127e+01
-4.673264489876403083e+00 -4.939133050410752901e+00 -5.187571055853555713e+00 -5.460316510629809272e+00 -5.460903176907851098e+00 -5.730563138503560694e+00 -6.348515385208561845e+00 -8.808300358088496651e+00 -9.682352006349198348e+00 -9.948969319857290827e+00 -1.127139363038637576e+01 -1.589331372058560099e+01 -2.227784308046484085e+01 -3.042550149328963016e+01 -4.537421997246635641e+01 -5.654579875947896284e+01 -6.510219630175726024e+01
-3.217605951030951594e+00 -3.341714226286982115e+00 -3.450719239221613055e+00 -3.606606819105081740e+00 -3.544965660451504519e+00 -3.804503424786426447e+00 -4.522406044061397346e+00 -6.761791157619060577e+00 -7.394241384433664521e+00 -7.664531268807173170e+00 -9.084835869794211760e+00 -1.408766329328655864e+01 -2.109038727732290397e+01 -2.962056855967139413e+01 -4.456147735992406922e+01 -5.512632590575366009e+01 -6.230854908296204542e+01
-1.146742602409397405e+00 -1.230486367032336714e+00 -1.255867985159273115e+00 -1.471659411015766139e+00 -1.570869368661988119e+00 -1.911124466816633394e+00 -2.612459494049348407e+00 -4.882765482065487994e+00 -5.731196822715930672e+00 -6.332066983630342705e+00 -7.914399148411076723e+00 -1.334635103213766349e+01 -2.055947674681004500e+01 -2.930305832856884507e+01 -4.406158644153225623e+01 -5.421252999744190504e+01 -5.947390410598223554e+01
-6.110634158652867437e-02 -2.310874766320822338e-01 -3.051785729398613367e-01 -5.934624265579963032e-01 -8.120196530264233159e-01 -1.222079104853741383e+00 -1.890023640617572109e+00 -4.088712968674871107e+00 -4.908039502587891789e+00 -5.397265342892546336e+00 -7.110072040879224176e+00 -1.274306861609303176e+01 -1.982836291074888635e+01 -2.850292639624439772e+01 -4.310520874082219933e+01 -5.342301753580848356e+01 -5.944600554435466222e+01
4.955155895301059654e-02 -1.238262266508847464e-01 -1.505900398147904662e-01 -2.645324207466009936e-01 -5.604007079960763305e-01 -1.277181185491386817e+00 -2.502184923417262841e+00 -5.122194910026395931e+00 -6.194576669324775686e+00 -7.015247445985785646e+00 -8.823449066412150543e+00 -1.404819643904976445e+01 -2.042111095856407488e+01 -2.814735843840290030e+01 -4.220291577019153095e+01 -5.277243272673947416e+01 -6.099103932203897216e+01
-1.306141036476977435e+00 -1.541741082343449865e+00 -1.614763402227147759e+00 -1.819719016121553068e+00 -2.320644093983152967e+00 -3.295351031197315539e+00 -4.778185018393375394e+00 -7.723428284484960216e+00 -9.142706483961157815e+00 -1.027688650058676600e+01 -1.201112091696253437e+01 -1.682074130356279440e+01 -2.254823287794921072e+01 -2.940419531626139360e+01 -4.168916114362664871e+01 -5.087599395913569111e+01 -5.753831068322693909e+01
4.587606818961818544e-01 5.222480344151893272e-02 -1.455085765414365073e-01 -6.027451185980738924e-01 -1.221583124416919075e+00 -2.158290813447820256e+00 -3.503517881860833683e+00 -6.095631422649955056e+00 -7.723261840996582528e+00 -9.524096926531662177e+00 -1.174931236270760770e+01 -1.658007036704067616e+01 -2.211307531144678151e+01 -2.872570912448845348e+01 -4.038940629513724900e+01 -4.877185487632396388e+01 -5.474638526119422721e+01
