1.799551516186238542e-01 9.368034025636752249e-01 1.598476898907811083e+00 3.256560140790470737e+00 4.349826217600362810e+00 5.414375455075930432e+00 6.622357794209885462e+00 7.863089525850129213e+00 8.265419310026464572e+00 8.171706961573239170e+00 7.180536562848328863e+00 5.868183920359511418e+00 5.842180122979330648e+00 7.558472390607639646e+00 1.499752766164970019e+01 2.624220769753341997e+01 5.939963100090577086e+01
1.370587217759196896e+00 2.094999863096173254e+00 2.691423959313156811e+00 4.021130586111686611e+00 4.897101271817549062e+00 5.770113037381575438e+00 6.805040926351708208e+00 8.099262580999216254e+00 8.547958864618207642e+00 8.540109518708119296e+00 7.954381802187841188e+00 7.666976362179453552e+00 9.127314538043396652e+00 1.268874464360368748e+01 2.278795929138802379e+01 3.627950195965725300e+01 7.329273671787902344e+01
1.951446923524187138e-01 8.718805730473145887e-01 1.489398114700912990e+00 2.754584698561164391e+00 3.627070013107954072e+00 4.547915031441643663e+00 5.719801832932673413e+00 7.199454248536796719e+00 7.757103334901042757e+00 7.921433284559576293e+00 7.638992117823196537e+00 8.103261487945941255e+00 1.061346659873182219e+01 1.525204440147705398e+01 2.723279757176696947e+01 4.223786719620982666e+01 8.044597583960424458e+01
-1.291082758489393134e+00 -6.298831698652583855e-01 -2.157666070061532021e-02 1.230542182709712495e+00 2.029958803651090271e+00 2.874597614879494500e+00 4.112385277313261867e+00 5.763275340544941727e+00 6.554290164262747354e+00 7.186392798042070318e+00 7.392773751045090158e+00 8.416300036580242505e+00 1.135528779960984025e+01 1.653134157260313941e+01 2.994151336050709489e+01 4.601956689834179315e+01 8.684908134754711284e+01
-1.944095401726504413e+00 -1.326768432208931703e+00 -7.202715556847487655e-01 4.761818801386371036e-01 1.299625492091730949e+00 2.203750479027307030e+00 3.447155681699414220e+00 5.038001689659991733e+00 5.979292507141812152e+00 6.986456330128161696e+00 7.526943618485170795e+00 8.833674640294043812e+00 1.199866347895745200e+01 1.768122421091133489e+01 3.268756784768663692e+01 5.123612706417215890e+01 9.974819358800155555e+01
-3.221811490468755590e+00 -2.664798068213489746e+00 -2.031165188214198114e+00 -8.170875955877526797e-01 9.828355912940059391e-02 1.150148171857565016e+00 2.477248645659141602e+00 4.002263778567511032e+00 5.147322772958432324e+00 6.602929696209554500e+00 7.582535974951075453e+00 9.428355725682758148e+00 1.328492608173065648e+01 2.019058111238839004e+01 3.862233813231596002e+01 6.121878072742466514e+01 1.179583932291665178e+02
-5.508611939451464323e+00 -5.094327580650778842e+00 -4.496183999834529210e+00 -3.289517590100714095e+00 -2.329344986761386238e+00 -1.184008903375821209e+00 2.977136244077828175e-01 1.797489822847061047e+00 3.032577876776709758e+00 4.801227977807951852e+00 6.320708825424874000e+00 9.422476022505501092e+00 1.492078666736346371e+01 2.390953954152718453e+01 4.673377160848652068e+01 7.317682014701759385e+01 1.373580320164437865e+02
-7.433461704958010507e+00 -7.219557529547265595e+00 -6.783500070765396295e+00 -5.811163169767293191e+00 -4.997637603861820210e+00 -4.087916172397563663e+00 -2.906059778253886172e+00 -1.876246790516926888e+00 -6.540595300306722981e-01 1.523538818631464897e+00 3.942254807692243013e+00 8.671200830023613193e+00 1.632193931159418554e+01 2.765208774038442741e+01 5.440954819885713079e+01 8.435328240837503699e+01 1.548927842373887245e+02
-7.777725009559786074e+00 -7.732763046417743702e+00 -7.395871143285778437e+00 -6.529418875635823127e+00 -5.646150177240087942e+00 -4.666095727076384314e+00 -3.577399944258651932e+00 -2.793283727877603262e+00 -1.669076317760485928e+00 5.988369870051974964e-01 3.466505443492134741e+00 9.341687499999956401e+00 1.862955351170560903e+01 3.171508692168320565e+01 6.163190678128476208e+01 9.447508468331922415e+01 1.712297474219620881e+02
-7.353766126418721960e+00 -7.328362025436347515e+00 -7.060960752965610432e+00 -6.135909648916527459e+00 -5.152505046117282994e+00 -4.123266994582619915e+00 -2.995134728609240682e+00 -2.139642240628430780e+00 -1.030467957427579684e+00 1.230763552117987381e+00 4.385631871864527298e+00 1.133258726135719208e+01 2.204741274735233603e+01 3.666902257525066489e+01 6.957471270554620446e+01 1.053224991900084433e+02 1.903186666666667577e+02
-6.425962645101837900e+00 -6.368453741203315310e+00 -6.166594759767809464e+00 -5.272030872221655784e+00 -4.204451968802255912e+00 -3.034943951626930314e+00 -1.761534651093920711e+00 -6.062712383291364304e-01 7.138171291457620082e-01 3.238174766582956998e+00 6.972586730072463546e+00 1.514952844986752467e+01 2.719783521460436404e+01 4.344087856222120081e+01 7.933570714011980840e+01 1.180896422885311097e+02 2.097320655483555640e+02
-5.414135470072660716e+00 -5.481706206560932770e+00 -5.401038323818120546e+00 -4.758951490863670308e+00 -3.816309090196488452e+00 -2.810136977860246965e+00 -1.842685414053787163e+00 -8.365751898690523269e-01 6.561871690356301245e-01 3.770477355072347603e+00 8.704583163496314668e+00 1.868131832671394577e+01 3.256925293513102559e+01 5.077200492091673567e+01 9.008022489896858076e+01 1.320461298773689691e+02 2.291199438928370284e+02
-4.602562961810407138e+00 -4.746024702023234454e+00 -4.708205307840384712e+00 -4.261339109967260619e+00 -3.517900657356106464e+00 -2.795351366534286175e+00 -2.238118565792168724e+00 -1.504218850160154108e+00 1.442493729096868127e-01 3.909903854863356010e+00 1.030341022592666178e+01 2.245217580737873675e+01 3.848841457636575569e+01 5.902799709970713593e+01 1.022851952079848417e+02 1.472875004441889644e+02 2.477289898272018149e+02
-3.952196099162735621e+00 -4.085513130791872172e+00 -4.065915720043377313e+00 -3.823847977416070520e+00 -3.201043859305306771e+00 -2.513227211364242208e+00 -1.898614805427743635e+00 -9.834499416457765930e-01 9.476869904890845575e-01 5.283139279368650243e+00 1.281166292154394526e+01 2.679643911998324057e+01 4.472318437325817797e+01 6.754844124512250403e+01 1.143026111256270525e+02 1.616865224358973876e+02 2.650490432866499191e+02
-4.923726732980314935e+00 -5.038405032835145292e+00 -4.966610665107639377e+00 -4.589533928198197721e+00 -3.969227250557417541e+00 -3.289388617440054841e+00 -2.548737882786356934e+00 -1.280543482615692508e+00 1.157652827132114925e+00 6.346879380922455738e+00 1.514046416875684820e+01 3.108999191750275415e+01 5.118354198021169310e+01 7.614382539018919260e+01 1.260748563092250976e+02 1.758699891914017996e+02 2.841972874425167674e+02
-5.408866049207641247e+00 -5.563978342521942011e+00 -5.557186279569039655e+00 -5.228920129816416740e+00 -4.634909920002439954e+00 -3.940227818857983788e+00 -3.098486341189362836e+00 -1.517187665482112591e+00 1.342230912938929599e+00 7.279700734218126357e+00 1.709886251045147176e+01 3.456974316297372241e+01 5.657830230107293801e+01 8.369205702166935623e+01 1.367944053354934226e+02 1.896305494791666604e+02 3.046825742318144989e+02
-8.300674542190835226e+00 -8.526537271591070777e+00 -8.624404223387852397e+00 -8.457759737318861326e+00 -7.913683702619845661e+00 -7.170495076905644360e+00 -6.112993567969596143e+00 -4.290858242753654572e+00 -9.959522540413335845e-01 5.962348984461983470e+00 1.743801838158444895e+01 3.749486648202339012e+01 6.208109981187288895e+01 9.171149866743301970e+01 1.488216131462513943e+02 2.050966993189103391e+02 3.251806160639632139e+02
-1.091711227482626967e+01 -1.107427931157243606e+01 -1.109256950414141407e+01 -1.076029802575427397e+01 -1.006670207876080525e+01 -9.081069909681573904e+00 -7.526935233329824726e+00 -5.016894034803463853e+00 -1.141901694885772534e+00 6.850192468819543024e+00 2.003030318509608421e+01 4.313307263795983459e+01 7.081228319223795609e+01 1.035431872474218267e+02 1.659994099951226758e+02 2.267064058580685639e+02 3.531790548181439249e+02
-1.212764052465700892e+01 -1.216877622919498059e+01 -1.203668299387716267e+01 -1.130520480921649273e+01 -1.043846271643323931e+01 -9.309044048738785548e+00 -7.478814553285211275e+00 -4.511046474358855640e+00 -8.716067447045497407e-02 9.158768368519982772e+00 2.469593454744979155e+01 5.189816752456103899e+01 8.370128868798794031e+01 1.203737210667501927e+02 1.890780604096987645e+02 2.543630344986761429e+02 3.866323299453039795e+02
-1.103130026452151569e+01 -1.093547840484992761e+01 -1.068103966237284830e+01 -9.721449085928794531e+00 -8.627062183188758837e+00 -7.200183430445206589e+00 -5.081504807692287962e+00 -1.483352407329868505e+00 3.655675088837822884e+00 1.426299350264762822e+01 3.220490910674475771e+01 6.343572758587647797e+01 9.936505905971301900e+01 1.402088071261843538e+02 2.153064856553092170e+02 2.854879471850613868e+02 4.279783123432275715e+02
-1.057416950761989760e+01 -1.038998080053083939e+01 -1.001667515089360982e+01 -8.941056079945324697e+00 -7.747761484679822175e+00 -6.134948162712500874e+00 -3.645701648724877675e+00 9.259633718297991534e-01 7.084998240663386682e+00 1.928019405831934208e+01 3.987961946505716782e+01 7.541094668426006820e+01 1.156685211033305478e+02 1.611151310096153964e+02 2.435844677919454000e+02 3.203197993311036953e+02 4.771326711259753779e+02
-1.126358178749600647e+01 -1.110255082044315067e+01 -1.069140492069920612e+01 -9.463723334509152707e+00 -8.057049915734737056e+00 -6.158761840684181088e+00 -3.116789014597264984e+00 2.413212095875217678e+00 9.428208350752498745e+00 2.312594658845445394e+01 4.655602067656071341e+01 8.698715834465573948e+01 1.323833015607579853e+02 1.833060630661232153e+02 2.750107583612038411e+02 3.597884848801559201e+02 5.314858318352844435e+02
-1.275935265867919099e+01 -1.251486755221397118e+01 -1.200561597958908244e+01 -1.037203425480770136e+01 -8.663399023219779949e+00 -6.434584565739954520e+00 -3.005432890450797423e+00 3.038559098906150169e+00 1.075333602895065610e+01 2.607910868258771941e+01 5.281648691819950869e+01 9.887297549993030543e+01 1.503476799139492641e+02 2.078896491778149880e+02 3.105241450407608568e+02 4.041450856849220372e+02 5.919173455790134994e+02
-1.469280436443188975e+01 -1.449313124994557000e+01 -1.397689087322324930e+01 -1.218150140768708489e+01 -1.027545947428928308e+01 -7.715363461973958614e+00 -3.777734490401988499e+00 2.980691192865155159e+00 1.158619985019503318e+01 2.879737490419439894e+01 5.911434490837518041e+01 1.114809431742962289e+02 1.697858535134477052e+02 2.342917390085003433e+02 3.479527886444399201e+02 4.508778046787903122e+02 6.565801130591560195e+02
-1.424556435891105721e+01 -1.401250770335798457e+01 -1.352026232406633710e+01 -1.161548500644509829e+01 -9.480465150762967141e+00 -6.595293062378068782e+00 -2.156502924243992148e+00 5.352726836852138348e+00 1.477014436141298326e+01 3.363669630103807151e+01 6.724582777226166286e+01 1.252922768255294130e+02 1.897671111691748536e+02 2.609201682256828576e+02 3.862178058807133425e+02 4.990515942203176678e+02 7.222937791509898489e+02
-1.267379321942640225e+01 -1.253269017411554564e+01 -1.215457893825773539e+01 -1.048389825786475882e+01 -8.520884754738011324e+00 -5.784166936663898362e+00 -1.448439461834581277e+00 6.338846602389896390e+00 1.643929259423777722e+01 3.703138863485917653e+01 7.416209502595458503e+01 1.378952864365592745e+02 2.085988980107303803e+02 2.866656080946906968e+02 4.237547945321207976e+02 5.470033017872075334e+02 7.908552597547377445e+02
-1.102485470602105089e+01 -1.102429393170376493e+01 -1.069534539230159709e+01 -9.308117963741999290e+00 -7.537804986892084003e+00 -4.953600713315208459e+00 -7.519617714429696065e-01 7.467737632385831326e+00 1.831177597199001994e+01 4.054736847651883380e+01 8.111744314381279253e+01 1.507591550872700736e+02 2.275017549209169943e+02 3.121255300742056988e+02 4.613624580372074888e+02 5.968314101867335921e+02 8.640527490506547110e+02
-1.030708034618755242e+01 -1.048987103795420595e+01 -1.033383425001741251e+01 -9.350551989705259359e+00 -7.938490550097558440e+00 -5.735542535447990531e+00 -1.890533305462637204e+00 6.555222164158362119e+00 1.819652388604376725e+01 4.225299439973507987e+01 8.636385871742619713e+01 1.619662223078665875e+02 2.448122612005296048e+02 3.363303872805183232e+02 4.997032074449554102e+02 6.488004352093788611e+02 9.376203895188823481e+02
-7.288862387373396423e+00 -7.580422757117913690e+00 -7.561346244752477297e+00 -6.967121998458407184e+00 -5.979573983591151887e+00 -4.354250890555333875e+00 -1.222807413600885518e+00 7.053906149839769490e+00 1.910369975874446524e+01 4.426646551874291191e+01 9.114090248310345999e+01 1.716921266940146893e+02 2.606208843453873669e+02 3.599193767941748092e+02 5.385120121847131713e+02 7.005297076975338086e+02 1.006329894674958382e+03
-3.618243519587593049e+00 -3.985067502024981057e+00 -4.051258640999522598e+00 -3.708593409237399108e+00 -3.028889351222823212e+00 -1.897614489705280905e+00 5.284731853574367033e-01 8.601589116499518184e+00 2.089455172624024826e+01 4.681233499686435806e+01 9.578454876062571088e+01 1.804180554365243836e+02 2.752107988694954201e+02 3.820387183493588168e+02 5.737752134110230600e+02 7.453349495627785473e+02 1.058757958307204945e+03
1.346298325053161271e-01 -3.284538933489274948e-01 -5.567330527757475833e-01 -7.047000113224735074e-01 -4.043521950337853887e-01 3.919746006654249992e-01 2.470078125000012559e+00 1.047103619269095098e+01 2.280174792276332241e+01 4.912244141931422803e+01 9.958473008988291042e+01 1.873048840492614033e+02 2.864322684294872943e+02 3.983174139841137276e+02 5.966140401076504531e+02 7.698110570390887233e+02 1.074979842504528960e+03
2.988315878845077211e+00 2.443234772919274711e+00 2.075507218614997207e+00 1.445756023768455689e+00 1.338889653880977582e+00 1.697219135399257617e+00 3.220973400919783458e+00 1.075771256183817570e+01 2.296825920167919577e+01 4.948186027208731019e+01 1.009835835772018555e+02 1.906706656737736409e+02 2.918461046369840233e+02 4.051223170376952112e+02 6.021274914558950968e+02 7.699730913200251052e+02 1.056503022792990805e+03
6.959342199764024350e+00 6.316244532556441804e+00 5.812701201814204133e+00 4.839169950181160473e+00 4.479906220605158751e+00 4.579570567255380809e+00 5.785367331208203012e+00 1.313285725857032560e+01 2.499736651250698927e+01 5.099494636635998290e+01 1.023756424409489085e+02 1.919457074885033023e+02 2.923303683284558474e+02 4.034997893847544788e+02 5.930360819136706141e+02 7.511860956399810902e+02 1.013527038862179438e+03
1.018259841496951168e+01 9.633381657663125708e+00 9.207043577332424178e+00 8.339022455493989128e+00 8.040977409507378937e+00 8.234036212287470846e+00 9.515882951853420479e+00 1.697635895693980501e+01 2.856491919244701450e+01 5.389241844342239318e+01 1.045208150170708450e+02 1.925529440017070897e+02 2.900052693178651566e+02 3.962180137698579188e+02 5.733796835371379075e+02 7.182639821105070723e+02 9.527380228191193510e+02
1.445001641989222563e+01 1.409215748676142077e+01 1.386758065513517302e+01 1.341713677645100944e+01 1.339220424635937690e+01 1.385284777600680783e+01 1.523093058023273549e+01 2.269627799261433410e+01 3.398956801316891330e+01 5.858545629964452672e+01 1.081973178476867901e+02 1.935763897148482613e+02 2.861483556734254989e+02 3.853251472529957482e+02 5.481817341920983608e+02 6.794126222738993874e+02 8.868974979096993820e+02
1.807700890597236310e+01 1.788682081738389229e+01 1.773476684706399809e+01 1.754284220949169182e+01 1.771570082675760816e+01 1.833667039872491600e+01 1.970516902696489581e+01 2.720332217199693048e+01 3.819167955250134838e+01 6.193799328490793954e+01 1.100957148698788046e+02 1.921181182587793614e+02 2.794992377369006817e+02 3.722504589168757434e+02 5.227655500539991635e+02 6.422839649787489407e+02 8.250850641374025827e+02
1.923682937594776732e+01 1.903840780139526956e+01 1.891192031108467830e+01 1.903561791039576079e+01 1.956783692603820768e+01 2.066274911162208028e+01 2.260411753806087987e+01 3.064942621672948775e+01 4.144834797850467822e+01 6.421577944276047845e+01 1.104150990846222982e+02 1.887352603034421463e+02 2.714422791074415500e+02 3.586799139928232876e+02 4.987814995993587672e+02 6.087438403880994429e+02 7.716673050707223638e+02
1.931779772614223134e+01 1.919980018464325511e+01 1.922470114030273436e+01 1.968231176730594711e+01 2.059432552736554101e+01 2.225553410892211659e+01 2.488625121063266832e+01 3.339944661022857986e+01 4.403196114217527679e+01 6.608433174383347364e+01 1.106557162938963188e+02 1.855665122674540441e+02 2.639361304783306537e+02 3.460879223888654792e+02 4.770082156058388136e+02 5.785990664802815218e+02 7.241280226797663317e+02
1.952268922759903447e+01 1.955581126187769314e+01 1.972209756207758602e+01 2.044187396464776896e+01 2.162366503906251936e+01 2.371776597556090493e+01 2.692596361134333449e+01 3.574364711364275848e+01 4.619970429643954901e+01 6.758889032016433873e+01 1.105783756837025464e+02 1.822429828638865672e+02 2.564402060862597068e+02 3.339033244931017066e+02 4.566924271965580715e+02 5.505627215980348410e+02 6.782720536423503290e+02
1.907460078552604088e+01 1.916460562851648675e+01 1.934996120695286237e+01 2.017930452528391427e+01 2.146345941549958525e+01 2.368239810218086561e+01 2.697667615358486870e+01 3.562994507298635227e+01 4.576774170411790976e+01 6.643493669436301730e+01 1.080091957479793905e+02 1.772022878300934394e+02 2.484211691314799566e+02 3.222935610019509340e+02 4.383546407295148697e+02 5.251965484688545303e+02 6.366392665395069344e+02
2.026951998123543319e+01 2.033529602445434747e+01 2.047878058099481180e+01 2.116857809995993733e+01 2.239804554352179622e+01 2.447708834787831123e+01 2.741074592391304421e+01 3.552811108643400217e+01 4.521498371307132658e+01 6.509576750191598649e+01 1.055134561385174266e+02 1.727335993981675699e+02 2.416238137890189535e+02 3.127470419279543989e+02 4.229379104480211140e+02 5.035617076539857067e+02 6.008443512837931166e+02
2.200203555593342486e+01 2.203966858849159038e+01 2.215978418349792634e+01 2.271846070016374597e+01 2.382558856235193190e+01 2.569761330955612877e+01 2.822658337470385348e+01 3.581346737824000570e+01 4.499858991778155826e+01 6.404571170829838422e+01 1.034270727424749481e+02 1.687262622892280319e+02 2.353304365593646423e+02 3.038398748954847406e+02 4.088921040273129393e+02 4.844247255696071193e+02 5.696470278445511894e+02
2.313680702078292839e+01 2.310319789625357956e+01 2.316324894178510974e+01 2.355836646895901154e+01 2.448452607541631210e+01 2.610560059573577973e+01 2.828201599733486304e+01 3.533408322446352656e+01 4.397577169122774166e+01 6.225679084361045312e+01 1.008301004258987916e+02 1.646361214639075286e+02 2.292786260886984167e+02 2.954464324136007463e+02 3.961162340091971146e+02 4.672760319032194047e+02 5.412870032922241990e+02
2.266067457294962750e+01 2.251651400256714908e+01 2.246920474280587499e+01 2.251149502355944065e+01 2.321270317508011516e+01 2.462443785056089141e+01 2.657423811359045729e+01 3.329321284054494612e+01 4.162441785552532991e+01 5.952190030570636736e+01 9.764548650449414424e+01 1.606885583673007716e+02 2.239726677031077031e+02 2.880081092182273892e+02 3.844741297902731390e+02 4.511217536057694133e+02 5.143917071052815118e+02
2.303479274589456338e+01 2.274073946874782592e+01 2.253762482308648885e+01 2.218624667511495474e+01 2.261215212601031510e+01 2.372662375017417702e+01 2.533535424723035945e+01 3.177947931908445156e+01 3.996542201870815347e+01 5.761285765921109459e+01 9.524655560200666571e+01 1.572346099280588874e+02 2.189773717600333782e+02 2.809854903671961779e+02 3.730483147296542370e+02 4.349995161388657152e+02 4.879351446923776621e+02
2.316205397349323647e+01 2.277631256368885104e+01 2.243370357136634397e+01 2.189891082688821911e+01 2.219268336185722035e+01 2.310338755269300748e+01 2.448629361108207547e+01 3.074382553825244813e+01 3.877472997230348994e+01 5.602879246794864088e+01 9.286990359793060179e+01 1.533053822855699195e+02 2.130157061559362432e+02 2.726353340475192795e+02 3.596534860036927057e+02 4.164885959361064920e+02 4.589427154403567783e+02
2.171970291926024643e+01 2.137499619499896042e+01 2.108389348174470967e+01 2.064576704792882822e+01 2.093393381040098333e+01 2.176746502011918238e+01 2.305993587783935439e+01 2.923302703891440757e+01 3.709212789158295465e+01 5.392992854218910281e+01 8.991383359026613675e+01 1.487407447176353230e+02 2.063654142628203090e+02 2.634441096101587618e+02 3.451916761688265183e+02 3.967133593924195907e+02 4.288338074223106560e+02
2.001769210227254803e+01 1.969613263640302137e+01 1.945056227300635854e+01 1.911432022867019498e+01 1.936508768594967478e+01 2.014277436507109087e+01 2.146063981283099764e+01 2.769592520206236941e+01 3.550111904699685539e+01 5.200354623919999852e+01 8.703488634423780468e+01 1.442041942717043526e+02 1.998962848209308731e+02 2.543534378832218010e+02 3.305948276982301195e+02 3.769069838611345062e+02 3.996145712705547908e+02
2.046084359515370110e+01 1.998977436452672407e+01 1.968826823569886031e+01 1.932394307304726411e+01 1.963092195447498867e+01 2.055888352450878998e+01 2.199257309085845691e+01 2.829461474446068081e+01 3.598686703943687348e+01 5.205661801926548549e+01 8.611555043286649891e+01 1.416123113982371819e+02 1.953715995592948786e+02 2.472159972913183026e+02 3.181444928058805317e+02 3.595406665882805441e+02 3.728738938736765363e+02
2.135138112945866595e+01 2.082278026091745460e+01 2.048789908745296273e+01 1.990601184395030288e+01 2.003409424426909879e+01 2.079361395842043336e+01 2.207219180035885486e+01 2.819498554643961086e+01 3.569425332270756002e+01 5.144748518499148560e+01 8.500965868868452446e+01 1.392534958281075887e+02 1.910985202933389928e+02 2.405551071888935155e+02 3.068738896669453311e+02 3.436696950599220486e+02 3.473693970613854844e+02
2.117233442109713693e+01 2.074003942204267403e+01 2.041913240859286560e+01 1.987983383195720322e+01 2.007434507059120321e+01 2.090321671413391158e+01 2.220077358556300240e+01 2.816468427745266823e+01 3.541914280239685553e+01 5.085407016443688377e+01 8.407895960057830109e+01 1.374013934991638450e+02 1.876615711486205385e+02 2.351578393081103115e+02 2.973769726431855815e+02 3.296405442359951508e+02 3.233355246481328891e+02
1.928657486997995107e+01 1.893925110421238145e+01 1.871871920507593146e+01 1.847752143429484661e+01 1.893439416980211831e+01 2.003594117109118145e+01 2.161267558746170536e+01 2.763087822254740544e+01 3.482035289942167822e+01 5.009078847460274631e+01 8.297899778341005117e+01 1.356947212278777499e+02 1.848504107528567033e+02 2.305725691454149455e+02 2.885199119896182651e+02 3.160813045916947317e+02 2.999360676473666558e+02
1.774359536767933321e+01 1.744110458635991634e+01 1.726827039948699394e+01 1.714888459469932158e+01 1.768754949114235586e+01 1.893101187987739564e+01 2.074627620061665212e+01 2.693691421927254837e+01 3.421658715684222329e+01 4.944143307988418456e+01 8.206664214046834616e+01 1.342517018229166865e+02 1.822878712810062609e+02 2.260743242143951193e+02 2.795087171561451669e+02 3.025503838315215148e+02 2.775193852250559985e+02
1.769538211458459998e+01 1.731364017019623347e+01 1.707085667611654145e+01 1.683765865058003541e+01 1.727947528981153624e+01 1.841903801299470800e+01 2.015170101945728121e+01 2.626019740715574713e+01 3.353888970178373796e+01 4.871073280727418364e+01 8.112245861639490840e+01 1.325502003640608280e+02 1.791217803790414393e+02 2.207550904142279080e+02 2.699762008082495299e+02 2.890831859671125699e+02 2.561677365872353107e+02
1.886459599707487200e+01 1.846206875239513678e+01 1.812249976647417427e+01 1.766569395598170189e+01 1.790812363150607212e+01 1.871289090152943047e+01 1.989773442943491588e+01 2.538788809051006368e+01 3.243507468035808472e+01 4.746528307901338906e+01 7.970336428720733579e+01 1.302598584517837992e+02 1.752661374634198523e+02 2.148030024125554860e+02 2.602822617927812985e+02 2.759802504790271769e+02 2.362197689694817200e+02
2.126311810704332572e+01 2.085036814854855791e+01 2.040021041873518115e+01 1.971295258609424295e+01 1.975312400928443068e+01 2.035119583072047789e+01 2.130502540368942732e+01 2.673749930758785709e+01 3.363292679591680923e+01 4.822018902853250921e+01 7.971350601397011815e+01 1.288347671404683297e+02 1.720172011827620508e+02 2.095646763081799406e+02 2.516114854985365525e+02 2.642115626741917822e+02 2.186745103556996810e+02
2.304929272327127876e+01 2.255065467220379460e+01 2.205345292195773155e+01 2.131910500823057575e+01 2.130514469346607598e+01 2.182365477590233738e+01 2.278527490724293969e+01 2.847780575006972725e+01 3.535235166701494336e+01 4.962227405588068763e+01 8.051139784089328089e+01 1.283923038165413573e+02 1.700487853522158446e+02 2.059382658514494722e+02 2.446870234287903543e+02 2.542506415307970542e+02 2.037411279873887509e+02
2.369315403488538152e+01 2.314661931073412759e+01 2.264160599894612247e+01 2.186519363808179506e+01 2.172598619203767001e+01 2.206333207044315614e+01 2.279004493058460667e+01 2.824336117788466538e+01 3.490192427884610993e+01 4.885842265015320152e+01 7.939364501027738186e+01 1.265208318788322401e+02 1.671484500853540283e+02 2.017320382437987973e+02 2.376673334813961560e+02 2.446460918774386641e+02 1.898759077741779890e+02
2.360878608357262110e+01 2.302964032669660810e+01 2.245550914506688400e+01 2.150284371080684664e+01 2.117296726719271760e+01 2.123862660909636446e+01 2.160982906345806143e+01 2.664728759493458554e+01 3.301060168007938955e+01 4.649855040238281134e+01 7.641621607180186970e+01 1.225797869242963003e+02 1.620853239966555179e+02 1.953256130417362897e+02 2.287051596293197520e+02 2.333845482162765279e+02 1.748860065583194796e+02
2.408273953942202894e+01 2.349828734997734969e+01 2.288113331602302125e+01 2.188637262337128320e+01 2.145758256362352512e+01 2.136411034394159003e+01 2.165561402156494708e+01 2.678206282225474766e+01 3.300609440757389734e+01 4.592591760294719450e+01 7.480167712252664103e+01 1.193970531154196095e+02 1.570569202811455511e+02 1.882080167572464120e+02 2.180701720056436841e+02 2.198314993206521706e+02 1.571555573787625804e+02
2.469878496339399732e+01 2.408255992767776732e+01 2.346674325006965844e+01 2.249293907316922159e+01 2.211250425681090803e+01 2.218156232363087454e+01 2.279481196000562448e+01 2.830863357023409677e+01 3.446475418060195750e+01 4.686618126393520356e+01 7.467368034507389041e+01 1.174213029630016933e+02 1.527927593018395100e+02 1.813568903027452279e+02 2.068804462357161924e+02 2.053208505783167084e+02 1.387019115889772536e+02
2.409493125123388069e+01 2.345718717202958814e+01 2.283898539402172290e+01 2.187010984314031603e+01 2.156047183754877139e+01 2.185762881044453465e+01 2.282391364443983051e+01 2.845754894788187528e+01 3.449372870070371988e+01 4.651065412921536080e+01 7.354136764475337884e+01 1.148620291422798090e+02 1.484192578212096691e+02 1.748702013830824455e+02 1.967942813370957822e+02 1.924772199257944294e+02 1.225991962444259684e+02
2.258528772601160384e+01 2.194141116846737560e+01 2.131987106000033450e+01 2.036999766909661247e+01 2.008541808088594038e+01 2.040270177065913870e+01 2.134013274282333583e+01 2.655460394021740811e+01 3.225597809974216545e+01 4.393765329744984172e+01 7.040415822272153434e+01 1.106735288897017710e+02 1.430160599045430843e+02 1.681106891461120654e+02 1.877088232998884223e+02 1.815731598296407014e+02 1.092762229306020032e+02
2.123187599967834061e+01 2.051287317561358492e+01 1.980973758067254664e+01 1.859445852712162761e+01 1.814254624573230856e+01 1.818802865672036617e+01 1.866603199031503380e+01 2.314969445896042188e+01 2.853804198892134636e+01 4.003446153846147837e+01 6.619901386130857190e+01 1.057731646460424315e+02 1.373334036284141746e+02 1.614362534228677930e+02 1.793417204919177550e+02 1.717575394108835667e+02 9.737003489060784034e+01
2.127213907754202538e+01 2.044255790297083308e+01 1.959835860855630685e+01 1.792868767092562265e+01 1.714823581208191783e+01 1.681656518037561909e+01 1.681421508108629581e+01 2.085282403149380315e+01 2.610289825024378274e+01 3.745348228905363186e+01 6.321974141670154523e+01 1.019013804391373554e+02 1.324755279403568693e+02 1.554438535221571271e+02 1.711399993642000084e+02 1.615169893568842099e+02 8.463358353365413222e+01
2.099579785288629807e+01 2.000718439829814344e+01 1.901493035378342711e+01 1.713173072568280730e+01 1.619910465984707670e+01 1.563644397122354590e+01 1.532619651442314712e+01 1.918788172380154222e+01 2.448167987911079635e+01 3.577359230420838543e+01 6.100582775048779638e+01 9.850969909681585079e+01 1.276309814921266650e+02 1.489903597669314479e+02 1.617126950250836614e+02 1.498239846014493537e+02 7.077522710249473903e+01
2.046513987244571808e+01 1.944296732897636559e+01 1.844497852596762755e+01 1.660229619782953492e+01 1.565712041766826879e+01 1.502993553816542160e+01 1.465548348008992008e+01 1.851600313980628343e+01 2.374627516199828037e+01 3.480882726275066830e+01 5.941871000557409843e+01 9.571059691158023952e+01 1.233308224637681292e+02 1.428812774090718563e+02 1.527656722059642789e+02 1.390875338454571306e+02 5.860200213384910484e+01
2.110773760302491198e+01 2.022759839221015099e+01 1.937283771425584433e+01 1.770228866077023611e+01 1.687483878118031910e+01 1.637907036693493978e+01 1.604555328743387577e+01 1.971996571470881321e+01 2.459633580250141804e+01 3.503586532800293440e+01 5.877928533915127929e+01 9.362052560618735697e+01 1.196191466346154186e+02 1.375248637733415649e+02 1.449927811890328542e+02 1.299289152557134912e+02 4.855762888447608105e+01
2.120138708014017581e+01 2.048429731755591021e+01 1.974175097329639428e+01 1.823028618071522544e+01 1.741828733038079235e+01 1.688471201966628854e+01 1.642265611064663844e+01 1.978554064764493603e+01 2.437633796683387644e+01 3.439566768568831634e+01 5.758986309834872941e+01 9.139441175445938370e+01 1.160649976397019714e+02 1.324952085772018506e+02 1.378680707305601629e+02 1.217497743258779082e+02 4.060321962966850151e+01
2.152258839701170601e+01 2.081868002554087127e+01 2.008640113202863020e+01 1.870726613451087772e+01 1.801946527705199230e+01 1.769456361047242154e+01 1.752732256392834032e+01 2.103489734444682213e+01 2.535482722791245891e+01 3.464919739409137378e+01 5.673126653515188877e+01 8.893786200094072569e+01 1.120710447759895771e+02 1.271254393203038262e+02 1.307754284594481078e+02 1.138001134597965205e+02 3.299068112458217428e+01
1.937104578112961306e+01 1.864285772235576744e+01 1.787807181381513644e+01 1.662840167746654885e+01 1.611892555044595099e+01 1.600799059364552690e+01 1.613205778593580320e+01 1.977125764266308394e+01 2.405954021216556526e+01 3.307573414855066574e+01 5.434859752125142052e+01 8.519953668478267161e+01 1.071162246725196496e+02 1.211018499947742129e+02 1.234920000435477192e+02 1.058320271042364169e+02 2.524897235576953491e+01
1.640523597004560585e+01 1.576712333674094957e+01 1.504299726518950919e+01 1.383018387354550605e+01 1.337263424196106598e+01 1.335554386366015400e+01 1.361153631244779483e+01 1.720744451557278154e+01 2.153188422780794298e+01 3.056068440809639597e+01 5.139885792485372917e+01 8.143675523010736583e+01 1.025549184172939050e+02 1.156633537660255513e+02 1.168171494565215625e+02 9.839826446662500814e+01 1.816030450459887291e+01
1.433966715264240754e+01 1.377755732160587421e+01 1.312675167169644652e+01 1.196660938479827152e+01 1.149063340148584800e+01 1.149495106300517655e+01 1.192965535508993824e+01 1.562083109061464015e+01 2.002671699501797065e+01 2.907351882577329150e+01 4.950429571227006420e+01 7.884744737667230652e+01 9.934189803685909226e+01 1.116691328560479661e+02 1.115489597094480274e+02 9.237614037242188658e+01 1.261453077968253567e+01
1.185987033712265948e+01 1.137702424150379343e+01 1.080073480939066499e+01 9.786101205406891879e+00 9.311717992265904797e+00 9.262049977790526967e+00 9.632354495453647303e+00 1.308611037224774520e+01 1.741428492109115567e+01 2.637707392697868869e+01 4.644814752734814078e+01 7.521108538008631683e+01 9.510842460981054103e+01 1.068551009789575659e+02 1.058807105978261092e+02 8.645069127125132979e+01 7.943390058876986792e+00
9.103366012991072509e+00 8.567105816589155154e+00 7.930243632202817139e+00 6.730665506114134722e+00 6.096807629163187414e+00 5.821620778027445375e+00 5.951120693109010595e+00 8.936795825494794343e+00 1.300505864600747863e+01 2.175336659524802485e+01 4.149061714395199374e+01 6.995772559138096369e+01 8.951533031981593069e+01 1.007010578403707655e+02 9.928757529438394158e+01 8.007125526930050796e+01 3.456694188963403747e+00
9.187190084223296083e+00 8.636476651501103774e+00 8.021535736526265836e+00 6.819808451130508153e+00 6.180776938754181771e+00 5.851561084692039394e+00 5.875875511688289698e+00 8.532906554835586022e+00 1.220109241307832981e+01 2.033897263447588344e+01 3.918532701888239700e+01 6.637128502996101531e+01 8.479764219272567516e+01 9.510737108939514428e+01 9.319279966206794086e+01 7.424541839116493236e+01 2.317678198164067060e-01
9.550068684676618957e+00 9.016762695584672471e+00 8.461768752286262796e+00 7.534069068117672074e+00 7.047294408009340927e+00 6.752580816262548247e+00 6.728972584395910062e+00 9.223755591555237388e+00 1.265909612771742943e+01 2.030360041283425332e+01 3.816870783253202859e+01 6.359997043530521665e+01 8.059241210284278623e+01 8.993280812778698419e+01 8.725118289262825044e+01 6.847542893847558787e+01 -2.898263883082443648e+00
7.862970022733363429e+00 7.314753699397296138e+00 6.738873135603915543e+00 5.896617627334160616e+00 5.548602212452983018e+00 5.441393671178254898e+00 5.725665388534704192e+00 8.599709583159080850e+00 1.220377827567584461e+01 1.979047489896869294e+01 3.691979620000693529e+01 6.101766753762546358e+01 7.687189313336124030e+01 8.529632878692866882e+01 8.169200445930854926e+01 6.276360834726863658e+01 -7.036663809921759771e+00
5.515928737123277692e+00 4.981267433055933225e+00 4.440520349951214918e+00 3.675423320791531889e+00 3.502543750435476611e+00 3.691290580145640821e+00 4.405402267541142614e+00 7.572684712931986972e+00 1.125689845927396604e+01 1.882731332741078134e+01 3.555826385259898359e+01 5.909459478208616900e+01 7.436999610681425565e+01 8.197242233660807642e+01 7.724955330267546572e+01 5.792471903741646599e+01 -1.111328843540953670e+01
6.618353559765130179e+00 6.029487459282677264e+00 5.422464710928787568e+00 4.561600269126236284e+00 4.413234085406200435e+00 4.717398984026646147e+00 5.564117599028039152e+00 8.730235603051948345e+00 1.224011065530929443e+01 1.946357465422925870e+01 3.576779012071484942e+01 5.875916198090858700e+01 7.343922346188671213e+01 8.029458665168617415e+01 7.459265375905776807e+01 5.480002547554349235e+01 -1.394789663461525109e+01
7.767801148881880557e+00 7.092797174664247528e+00 6.372798715989047125e+00 5.170616262106321415e+00 4.719193171030169331e+00 4.644483286301571923e+00 4.998547005643880325e+00 7.820848200599206379e+00 1.118278357981456494e+01 1.825848062552249473e+01 3.439979263343089855e+01 5.705556080598519486e+01 7.131513235960157715e+01 7.777099962548776091e+01 7.145573538531203894e+01 5.127985421021475076e+01 -1.628155460911359853e+01
9.121303755053709494e+00 8.312825294111876318e+00 7.502423303916700981e+00 6.067742637132426786e+00 5.359645806115845623e+00 4.889573208437844265e+00 4.722812249599378731e+00 7.032717199693403032e+00 1.010365564032882801e+01 1.682556781284824154e+01 3.259617274595873937e+01 5.463897390172104451e+01 6.835101998850335292e+01 7.447244090544853634e+01 6.780284047519509727e+01 4.780499101170570952e+01 -1.677773528079676169e+01
8.413519446056159978e+00 7.543276452922501818e+00 6.733981323922614948e+00 5.235905475935401121e+00 4.436183555645546228e+00 3.855489454866921850e+00 3.554117152661662615e+00 5.503028101484128243e+00 8.208532425794238918e+00 1.448372210754586220e+01 2.964804208037203992e+01 5.086984761705683411e+01 6.398295627787058493e+01 6.978078690252219474e+01 6.310605005399927592e+01 4.397709631061868407e+01 -1.665528139806255936e+01
6.932352762215908903e+00 6.037846363148434925e+00 5.213329450490342687e+00 3.614130418452124793e+00 2.772164151773280238e+00 2.015563270798462536e+00 1.310584911946109044e+00 2.526874638552103036e+00 4.889335005574166892e+00 1.092896071105056066e+01 2.560523845108694374e+01 4.603659314468369956e+01 5.856324490489127044e+01 6.396829190182541680e+01 5.749379220666109092e+01 3.961283964778444755e+01 -1.621500087966791881e+01
6.015986031714624538e+00 5.108944359616692132e+00 4.296392274922483878e+00 2.665279943561856602e+00 1.664752586747466401e+00 5.467005338977528606e-01 -7.331722603992238962e-01 -3.023885390537493500e-01 1.782438640955978926e+00 7.682045816784912162e+00 2.201475838297804799e+01 4.168926642628208867e+01 5.358495207114000891e+01 5.860258430880713831e+01 5.252955678651043314e+01 3.611762847512540731e+01 -1.441971632873457487e+01
5.877010720982868364e+00 4.947365547375797590e+00 4.164507289924738842e+00 2.542175942377354225e+00 1.381881890372434363e+00 -2.438323056017293461e-02 -1.666369441105704841e+00 -1.655583477041521201e+00 1.674146155588559781e-01 5.766023977494298514e+00 1.972785802501397967e+01 3.884392655204846534e+01 5.037038454570773638e+01 5.514623137019215449e+01 4.949525783862849693e+01 3.420054089151345522e+01 -1.286504322568253045e+01
7.163173351339931827e+00 6.186668114363421012e+00 5.320526170133067723e+00 3.627582008387311152e+00 2.394387302292393382e+00 9.090685096153804379e-01 -7.997531027905158130e-01 -8.554858469202399895e-01 6.962646843645315942e-01 5.689713180218656241e+00 1.889969422380161035e+01 3.704954478905370507e+01 4.790602317621249995e+01 5.237293045394370949e+01 4.688418853644078865e+01 3.232132644404956778e+01 -1.196111258012785328e+01
7.597404650866050879e+00 6.645216327373797860e+00 5.723841785988006414e+00 3.980312342138727200e+00 2.702301911318992111e+00 1.163048540708624401e+00 -6.522938266443321087e-01 -7.865961277173214583e-01 6.385352389911058690e-01 5.232978757316031349e+00 1.771499902452619324e+01 3.489210179765893116e+01 4.504904188440637114e+01 4.909429787660236144e+01 4.368276424888512821e+01 3.000254350438959250e+01 -1.141000382350867604e+01
8.464786872125388939e+00 7.537270967787590870e+00 6.562394880177833123e+00 4.651855954309486840e+00 3.180854344124515620e+00 1.415146153410720586e+00 -6.013392297240375273e-01 -9.271458463976814945e-01 3.491918417293290999e-01 4.702375735960062642e+00 1.662488207218508052e+01 3.286665475195096064e+01 4.242131055776181370e+01 4.626030909455111129e+01 4.127841503797363032e+01 2.857824718680330278e+01 -1.054891896599734835e+01
7.924096242570826121e+00 7.080795648309033297e+00 6.129995128074476440e+00 4.129423996873251568e+00 2.498513097042236897e+00 5.319582963176349155e-01 -1.640967506706338508e+00 -2.090940213036505124e+00 -8.183311341625498780e-01 3.504514666945325985e+00 1.518542329901757704e+01 3.100477666440220048e+01 4.044156879703178475e+01 4.454211370366499523e+01 4.042622158932540799e+01 2.852212189067727621e+01 -9.633313414506456951e+00
5.958428766260181142e+00 5.252522522448965780e+00 4.438181694515568765e+00 2.589946170394373581e+00 1.035460232023408755e+00 -7.684112209970760388e-01 -2.679923477564059464e+00 -2.999719642732598057e+00 -1.747614056403292482e+00 2.473771595422140201e+00 1.388334087148138885e+01 2.955342412642833239e+01 3.915229360019504412e+01 4.362265848836384663e+01 4.031698099567975646e+01 2.897108503170287008e+01 -7.418924418199454252e+00
4.517554858623210379e+00 3.872826190110698619e+00 3.066666710214602798e+00 1.217514376262868625e+00 -3.120219133221835417e-01 -1.956687641530757027e+00 -3.477495930445227756e+00 -3.543211852006553197e+00 -2.329739326400577681e+00 1.682721258361106198e+00 1.271755951261151196e+01 2.803591074414720197e+01 3.757015186907754156e+01 4.213427355943418462e+01 3.938623312081918471e+01 2.899583585911370420e+01 -4.347856579222167284e+00
4.648494141107150313e+00 3.878977482722361980e+00 2.964318260847783382e+00 9.459204019910097960e-01 -6.578260738921444251e-01 -2.296810890903685287e+00 -3.695471979079522296e+00 -3.612385185862491355e+00 -2.350276586015886071e+00 1.600407312569535945e+00 1.234732544244703156e+01 2.713689406093215339e+01 3.626717741429754227e+01 4.044274026268107036e+01 3.777448281598376667e+01 2.815651540726028657e+01 -2.264571192168063352e+00
5.191270549657752476e+00 4.303513745089971643e+00 3.277103454657869896e+00 9.795988407538880338e-01 -7.255967863799378526e-01 -2.375650344899685962e+00 -3.738172604427925982e+00 -3.529514501463175247e+00 -2.154679334761606668e+00 1.777564429173510208e+00 1.211732488067874414e+01 2.616628591833883277e+01 3.457692455755304195e+01 3.822076603435053244e+01 3.513704986238840178e+01 2.566868760451503917e+01 -1.947992082984681517e+00
5.044327166306734611e+00 4.144599417764076144e+00 3.110102812870148448e+00 7.981087653288549966e-01 -9.408665103295570376e-01 -2.618058450041787832e+00 -3.962575435914832411e+00 -3.634410713663591252e+00 -2.201980616813043135e+00 1.682367152661596643e+00 1.164154808563271715e+01 2.529569293913738903e+01 3.337018896321065853e+01 3.658227627682529715e+01 3.314012379807675046e+01 2.397527919453732181e+01 -1.338747709378260042e+00
6.313091714592680148e+00 5.406218192586401017e+00 4.354135626241102841e+00 1.955266719141920406e+00 2.022473947446519482e-01 -1.407112018359788719e+00 -2.653815805288418872e+00 -2.183370915203486362e+00 -7.934658235786605784e-01 2.912713859566596675e+00 1.251456979427958949e+01 2.566507736291109154e+01 3.333241853051825387e+01 3.631804613468507625e+01 3.310032389214023851e+01 2.458649939032900633e+01 2.548511792785339014e-01
7.371853908719557147e+00 6.496241074033666685e+00 5.453724530444355345e+00 3.149786500792545851e+00 1.550742590318436642e+00 1.470026651338194046e-01 -8.553934469062951518e-01 -1.871905483556379202e-01 1.156736822393962916e+00 4.678892040307956357e+00 1.391738575198583305e+01 2.647277696488296428e+01 3.377335011670857057e+01 3.674540623258077687e+01 3.399747778184196534e+01 2.596656681995556681e+01 2.167212949414862866e+00
8.384303563386437119e+00 7.508706212004420344e+00 6.451119435117931289e+00 4.169763960380072909e+00 2.617983885085683138e+00 1.291028698090847637e+00 3.349630278010713447e-01 9.706290543130817738e-01 2.272050515607547894e+00 5.739752290621453312e+00 1.495250224271891604e+01 2.754196048024659405e+01 3.491633219237753138e+01 3.806710373989682950e+01 3.573499432134875775e+01 2.796965193875416134e+01 4.644748832915527537e+00
1.003230156580500498e+01 9.260059230094235261e+00 8.387636460184115350e+00 6.596390844917061180e+00 5.429874835606544714e+00 4.477999684277446768e+00 3.803511444398032904e+00 4.693938148864288173e+00 6.066905374686392349e+00 9.315684338419647048e+00 1.804435252055472461e+01 3.024372758152165730e+01 3.753470644335293827e+01 4.083951130504457439e+01 3.878547949763087388e+01 3.129656296160818485e+01 8.663897017837564718e+00
9.732952716530766324e+00 9.033748170170099456e+00 8.314769918282291172e+00 6.939618596275779261e+00 6.115054827942095983e+00 5.417998754528971617e+00 4.799847325285716337e+00 5.507888094864785700e+00 6.734965984705988618e+00 9.844611129981782227e+00 1.845077469168062478e+01 3.058073440548358235e+01 3.801956700285668944e+01 4.173480311977419888e+01 4.023459103260857006e+01 3.317642511496651991e+01 1.142401530274559285e+01
7.746336059231158089e+00 7.038241451812035976e+00 6.344469709143321978e+00 5.137609250888377055e+00 4.468519192664792250e+00 3.961594431525262916e+00 3.549620290290596891e+00 4.308152783584159984e+00 5.502310823404489071e+00 8.622852137332676747e+00 1.730980504894797178e+01 2.966534968122903493e+01 3.738321801839470027e+01 4.130601762820501222e+01 4.019705854584719162e+01 3.359479542920848871e+01 1.317434776512017969e+01
7.910135601125037219e+00 7.208846089885117436e+00 6.476554934634545901e+00 5.275339891652729207e+00 4.709671912015753747e+00 4.286189124338110723e+00 3.856439858120875197e+00 4.556434220840337446e+00 5.639448565530956969e+00 8.465142989652928662e+00 1.670826717095183511e+01 2.884109113276890213e+01 3.659422582218503095e+01 4.049184537869260936e+01 3.965736509719877745e+01 3.379272383639917621e+01 1.623326539855093387e+01
1.041675951225754737e+01 9.707545393825769864e+00 8.935615668765665376e+00 7.547821012533117546e+00 6.848449186089042406e+00 6.218819909681609026e+00 5.427415567081273373e+00 5.845407229828677664e+00 6.714661127369087268e+00 9.177662830093300528e+00 1.699942704849507891e+01 2.848241199832774839e+01 3.576812933737463851e+01 3.956211323334724028e+01 3.925421027557118236e+01 3.461736201400512414e+01 2.052095559852299544e+01
9.572453514288897125e+00 8.850194602940788968e+00 8.074371316933168785e+00 6.696171102024102595e+00 5.978360746760039035e+00 5.345412065827075843e+00 4.594136359479583653e+00 4.921441105769372548e+00 5.665086298947803023e+00 8.031351187987615603e+00 1.567189444415428135e+01 2.665354707967532732e+01 3.346203256514770885e+01 3.734228298320765305e+01 3.817630904229354627e+01 3.505398373920031219e+01 2.362373510660564335e+01
6.385993824588280354e+00 5.697437340233502567e+00 5.006578535983659428e+00 3.939969967164828724e+00 3.405237481056647031e+00 2.958906178145903620e+00 2.515378825686358955e+00 2.946970714012066228e+00 3.751763264701703626e+00 6.214803890572686562e+00 1.364039221014508740e+01 2.444361935618730897e+01 3.124614206208206468e+01 3.530444941471564846e+01 3.661047752055470283e+01 3.381857418826646011e+01 2.232353005678665525e+01
3.702067780935913266e+00 3.113058170790653278e+00 2.568034261339885216e+00 1.924465562290976317e+00 1.605233202471759713e+00 1.326267216677118999e+00 1.093729271181758556e+00 1.597145284629412298e+00 2.467676765433286956e+00 4.846164589429992731e+00 1.176749776163610584e+01 2.224680045464046430e+01 2.908088954501131340e+01 3.302838528602287482e+01 3.402376158375147241e+01 3.094303307030386208e+01 1.976366536893848647e+01
2.118469556246048491e+00 1.560713511727457092e+00 1.060948112088039519e+00 4.650596791823340959e-01 1.971941780762249408e-01 -1.217951330824703360e-01 -4.840420585980523271e-01 -2.044612553999154425e-01 5.534641164993977513e-01 2.752626419662747015e+00 9.340104397470767594e+00 1.947430284542225465e+01 2.609871706034009620e+01 2.964612917189232988e+01 3.013660162346717186e+01 2.705487237841407477e+01 1.677004238085307719e+01
2.480791232871372820e+00 1.994270123229780811e+00 1.531344062456462707e+00 8.278926989705355233e-01 4.645615179940336681e-01 4.434019648833054800e-02 -4.946509676351474871e-01 -4.979156519996709163e-01 4.798721868027678444e-02 1.887449210040343939e+00 7.812253126741963705e+00 1.700169697167644145e+01 2.287975568736067444e+01 2.586178155483563756e+01 2.592370996202608779e+01 2.302340088489405900e+01 1.391047446348980898e+01
2.903837375940687693e+00 2.590076870002873122e+00 2.231524625270001394e+00 1.510400971989957375e+00 1.021620515651136429e+00 3.309985454988877973e-01 -7.135884480385793482e-01 -1.490995135695347917e+00 -1.414683210528170143e+00 1.351139214037357268e-02 5.672888125348441335e+00 1.456705821923776689e+01 2.023475479027316837e+01 2.306461334657180018e+01 2.315030821488277013e+01 2.053771982127934237e+01 1.262851592112641441e+01
3.547199490348364570e+00 3.157613407539020756e+00 2.734533743119422766e+00 1.774929861691753041e+00 1.098762987083682585e+00 2.119350504284866488e-01 -1.108361025466860106e+00 -2.396769683667762330e+00 -2.653454566436703299e+00 -1.523430144753452620e+00 3.958630530588115093e+00 1.236182871725207200e+01 1.756083342913894896e+01 2.009208975229936911e+01 1.998522511670834234e+01 1.746781246516149011e+01 1.043561165691222037e+01
3.578144929587108614e+00 3.086142551724065264e+00 2.551325898067337228e+00 1.506574825155030384e+00 7.212859618868405764e-01 -3.348748170986818873e-01 -1.818076287277019309e+00 -3.182091306960652233e+00 -3.453068082845560660e+00 -2.384188553860107085e+00 2.821084213001752605e+00 1.054194441541244842e+01 1.513645534594500219e+01 1.733509941123177001e+01 1.713068342391276033e+01 1.487383719168063223e+01 9.124442690914543519e+00
3.804544142342466184e+00 3.267238264375174062e+00 2.633682241586534634e+00 1.438020744060053424e+00 5.646081948508708814e-01 -5.221567116081878845e-01 -1.880065635451466655e+00 -2.923616952341066444e+00 -3.195326017279866537e+00 -2.444201901302990532e+00 2.063920572916826845e+00 8.770337487806578736e+00 1.265811523655260196e+01 1.454406971153838413e+01 1.421651425759471365e+01 1.217164821976025557e+01 6.462634057971285095e+00
2.463881003089574584e+00 1.871647689019820149e+00 1.158153346441261444e+00 -4.962861992230500896e-02 -8.870974635503935390e-01 -1.860997121481355876e+00 -2.912728121516143798e+00 -3.793899600229889923e+00 -4.075298882559980740e+00 -3.331743816192994867e+00 1.106682757629711800e+00 7.818132995401423813e+00 1.176668786580287218e+01 1.371879567307686365e+01 1.366380035883506494e+01 1.167842787590596743e+01 5.127726127020942215e+00
2.240843501751769384e+00 1.551385293643742447e+00 8.109797213585115960e-01 -5.329942712688171547e-01 -1.502155520572057812e+00 -2.664817505835415989e+00 -3.974339186176059080e+00 -5.146160966241565049e+00 -5.484133748780715578e+00 -4.692799553198252482e+00 -2.584997866149960632e-01 6.474172432413621614e+00 1.046834798285953028e+01 1.233845902139067796e+01 1.201456952863698469e+01 9.454706896251343196e+00 1.467192246725240734e+00
2.414472689356429225e+00 1.743660837230867511e+00 1.078020662407680019e+00 -1.814904248972270540e-01 -1.115345705302394075e+00 -2.256075623171017064e+00 -3.617382130974704957e+00 -4.842728247805195174e+00 -5.194064594655783296e+00 -4.356750731605478322e+00 7.142465771326533819e-02 6.725258073787703239e+00 1.069936480978283555e+01 1.253072519509476912e+01 1.184921363747208645e+01 8.830989583333543891e+00 -2.799437534836070052e-01
1.321320264540388312e+00 3.465376801251527361e-01 -6.176677591755437291e-01 -2.340808335728466805e+00 -3.561182498519393835e+00 -4.941987876254200884e+00 -6.537973130922484444e+00 -8.154940800933646372e+00 -8.785763212444255288e+00 -8.273139009371606178e+00 -4.475096763517242060e+00 1.229679940078162836e+00 4.173167537625466217e+00 4.642941645763561276e+00 1.241636940844648151e+00 -4.153621890677302808e+00 -1.793534474289283409e+01
4.284945106150189198e-01 -6.084251508936049380e-01 -1.649874088759406332e+00 -3.566322375583533599e+00 -4.899212877560639612e+00 -6.350107284699006094e+00 -7.938973178825246890e+00 -9.514480795359558485e+00 -1.000248531128069551e+01 -9.274725861378374958e+00 -5.272410609148583838e+00 8.971102807970401383e-01 4.338405405170118634e+00 4.930415752159891696e+00 1.650600456382282477e+00 -3.616058981326586874e+00 -1.762912095004159951e+01
1.759341698256890352e+00 7.766052839434437471e-01 -2.376593195852515217e-01 -2.342652392741424894e+00 -3.783295987710787678e+00 -5.322717626463216334e+00 -6.998087908044161587e+00 -8.550474372038809889e+00 -8.983890285326030067e+00 -8.270174801421442012e+00 -4.300470343854419397e+00 1.849884367161363175e+00 5.450155170011164785e+00 6.353860934016105411e+00 3.589951470178406545e+00 -1.423629755434736577e+00 -1.518499521843605926e+01
1.484352442927452387e+00 6.370952918691664690e-01 -1.970401664402134101e-01 -2.062493096563213335e+00 -3.303147706983381227e+00 -4.504583115593662868e+00 -5.743664415238272092e+00 -6.741092926944009633e+00 -6.895271882838637900e+00 -6.008823308598153723e+00 -2.203213789889865382e+00 3.590998027278494042e+00 7.049834056228961643e+00 8.171538897017700975e+00 5.928936245819408590e+00 1.452706634963760735e+00 -1.058278533479644068e+01
1.387619948089455102e+00 7.333601370889086812e-01 1.446864276320416198e-01 -1.156681983565000404e+00 -2.013302044140191871e+00 -2.845007420568554490e+00 -3.707773886043715272e+00 -4.350730547136299364e+00 -4.397077976936991206e+00 -3.468260961015982691e+00 2.714244007804472725e-01 6.239194855246728899e+00 1.005668446035405239e+01 1.159751388308225017e+01 1.024254002926414309e+01 6.555504537695105327e+00 -4.425128205127868419e+00
